rfgrid_mm_maui_ann.asc
ncols         350
nrows         330
xllcorner     735033.781633
yllcorner     2251112.087301
cellsize      245.729
NODATA_value  -9999
[rows 165 to 197 of 330, columns 148 to 221 of 350]
541.15 555.42 570.22 585.98 602.13 618.18 634.19 650.22 666.01 680.86 695.56 710.02 723.94 737.31 750.22 762.84 784.97 794.45 816.74 824.55 832.11 838.79 845.08 850.68 856.34 862.07 867.77 873.45 879.08 884.7 890.2 895.72 901.43 907.21 913.07 919.05 925.24 937.69 943.63 949.4 954.83 960.17 965.11 970.02 974.77 979.29 983.22 986.9 990.28 993.52 996.66 999.98 1003.4 1007.1 1010.8 1015.1 1019.5 1024 1034.3 1040.6 1047.7 1055.7 1064.3 1073.5 1082.8 1092.7 1102.5 1112 1121.3 1130.3 1139 1147.4 1154.9 1161.7
549.04 563.77 579.25 595.85 612.75 629.32 645.75 661.84 677.76 693.05 708.11 722.73 736.7 750.06 763.03 775.66 787.1 807.53 816.74 837.55 845.04 851.49 857.76 863.72 869.57 875.34 880.87 886.28 891.45 896.55 901.32 906.08 910.92 915.81 920.77 925.88 931.23 936.6 947.1 951.98 956.5 960.91 965.11 969.29 973.25 977.01 980.21 983.27 986.14 989.06 992 995.12 998.28 1001.8 1005.3 1009.7 1014.2 1019.3 1024.6 1037.4 1045.1 1053.8 1063.1 1073.1 1083.2 1093.7 1104.1 1114.2 1124.1 1134 1143.8 1153.5 1162.2 1169.8
557.21 572.48 588.64 606.09 623.67 640.69 657.5 673.67 689.72 705.41 720.79 735.55 749.58 762.92 775.98 788.59 800.12 820.57 829.77 837.55 856.95 863.38 869.64 875.59 881.34 886.87 892.07 897.07 901.83 906.52 910.61 914.65 918.55 922.48 926.44 930.54 934.89 939.28 947.83 951.71 955.26 958.72 962.21 965.7 969.16 972.42 975.2 977.79 980.15 982.76 985.56 988.44 991.34 994.62 997.96 1002.4 1007 1012.5 1018.3 1032.1 1040.2 1049.5 1059.4 1070 1080.8 1092 1103.1 1114.1 1125 1136 1146.8 1157.5 1167.5 1176.7
566.23 582.36 599.4 617.24 635.34 652.61 669.78 686.21 702.51 718.25 733.68 748.5 762.7 776.29 789.29 801.87 813.24 833.54 842.68 849.91 856.95 874.59 880.79 886.71 892.32 897.62 902.47 907.06 911.37 915.59 918.93 922.19 925.12 928.07 930.98 934.06 937.44 940.84 947.37 950.28 952.95 955.54 958.34 961.18 964.16 966.98 969.39 971.59 973.51 975.83 978.42 981.09 983.76 986.86 990.04 994.5 999.19 1005.1 1011.3 1026 1034.6 1044.2 1054.6 1065.8 1077.3 1089.1 1100.8 1112.7 1124.6 1136.7 1148.5 1160.3 1171.5 1182.4
575.88 592.76 610.44 628.6 646.9 664.59 682.14 698.82 715.36 731.19 746.69 761.54 775.81 789.48 802.41 814.88 826.01 836.62 854.82 861.57 868.21 874.59 890.48 896.26 901.69 906.76 911.23 915.38 919.12 922.76 925.23 927.58 929.46 931.32 933.07 935.1 937.58 939.95 942.22 946.35 948.33 950.26 952.42 954.64 957.23 959.7 961.87 963.83 965.51 967.54 969.82 972.29 974.81 977.82 980.91 985.45 990.24 996.38 1002.9 1010.3 1027 1036.9 1047.5 1059.3 1071.3 1083.5 1095.8 1108.5 1121.2 1134.5 1147.5 1160.3 1172.8 1184.9
586.61 604.09 622.09 640.42 658.86 676.82 694.63 711.53 728.26 744.24 759.82 774.59 788.74 802.2 814.94 827.23 837.98 848.17 865.36 871.76 878.1 884.38 890.48 904.31 909.51 914.31 918.38 922.04 925.12 928.05 929.61 931.03 931.91 932.76 933.46 934.5 936.07 937.52 938.87 941.29 942.57 943.83 945.32 946.9 949.1 951.22 953.14 954.86 956.3 958.12 960.21 962.58 965.04 968.02 971.09 975.75 980.67 986.93 993.59 1001.1 1018.1 1028.2 1038.9 1051 1063.4 1076.1 1088.7 1102.2 1115.7 1129.9 1144 1158.1 1172 1185.6
598.38 616.23 634.33 652.62 670.98 688.98 706.87 723.77 740.49 756.37 771.85 786.48 800.42 813.62 825.99 837.85 848.1 857.79 873.91 880.18 886.41 892.68 898.71 904.31 915.53 920.02 923.63 926.78 929.08 931.15 931.77 932.25 932.21 932.14 931.91 932.01 932.63 933.29 933.99 934.91 935.5 936.08 936.88 937.79 939.57 941.33 943.01 944.49 945.68 947.38 949.45 951.84 954.33 957.35 960.47 965.31 970.37 976.63 983.26 990.67 998.77 1017.7 1028.6 1040.8 1053.5 1066.4 1079.4 1093.5 1107.8 1122.7 1137.7 1153.2 1168.6 1184.1
611.37 629.35 647.3 665.27 683.26 701.06 718.81 735.47 751.93 767.44 782.59 796.99 810.67 823.53 835.33 846.45 856.06 865.14 872.77 886.53 892.88 899.23 905.23 910.6 915.53 923.23 926.31 928.85 930.36 931.6 931.43 931.13 930.32 929.49 928.54 927.87 927.62 927.5 927.48 927.32 926.93 926.74 927 927.4 928.83 930.29 931.8 933.13 934.19 935.83 937.9 940.27 942.75 945.79 948.94 953.75 958.77 964.89 971.4 978.75 986.84 1005.9 1016.7 1028.9 1041.6 1054.7 1067.9 1082.6 1097.4 1112.9 1128.7 1145.4 1162.4 1179.8
624.41 642.31 660.02 677.61 695.16 712.53 729.85 746.14 762.21 777.21 791.82 805.61 818.72 831.06 842.18 852.52 861.47 869.95 877.36 891.07 897.47 903.7 909.53 914.62 919.18 924.83 927.32 929.22 929.94 930.35 929.48 928.5 927.02 925.54 923.99 922.65 921.59 920.69 919.91 919.12 917.4 916.38 916.21 916.19 917.31 918.51 919.91 921.14 922.13 923.75 925.83 928.19 930.63 933.68 936.83 941.49 946.34 952.23 958.58 965.88 973.99 993.08 1003.7 1015.9 1028.4 1041.7 1055.1 1070.2 1085.4 1101.4 1118 1135.7 1154.3 1173.8
637.51 655.18 672.6 689.76 706.85 723.62 740.34 756.17 771.76 786.16 800.09 813.02 825.38 837.05 847.42 856.94 865.24 873.11 880.54 887.83 900.82 906.82 912.38 917.14 921.29 924.83 924.67 926.17 926.37 926.22 924.82 923.3 921.25 919.17 916.94 914.95 913.26 911.65 910.11 908.65 907.24 904.38 903.8 903.41 904.44 905.57 906.94 908.14 909.12 910.7 912.72 914.96 917.28 920.27 923.37 927.95 932.7 938.33 944.45 951.6 959.63 968.66 989.11 1001.1 1013.6 1027 1040.5 1056 1071.6 1087.9 1105 1123.7 1143.6 1164.7
650.58 667.92 684.93 701.57 718.08 734.1 750.02 764.65 779.09 792.65 805.73 817.82 829.32 840.16 849.81 858.68 866.51 873.97 881.2 888.3 900.66 906.31 911.49 915.87 919.57 922.61 924.67 922 921.76 921.14 919.26 917.27 914.67 912 909.07 906.43 904.18 901.91 899.59 897.46 895.42 891.85 890.89 890.16 891.16 892.27 893.63 894.83 895.81 897.34 899.27 901.38 903.55 906.45 909.48 914.01 918.68 924.03 929.89 936.86 944.77 953.76 973.84 985.77 998.19 1011.7 1025.3 1041.2 1057.1 1073.8 1091.4 1111 1132 1154.4
663.7 680.66 697.21 713.28 729.18 744.4 759.47 772.64 785.73 798.36 810.54 821.77 832.4 842.34 851.26 859.53 866.94 874.04 880.99 887.81 899.29 904.54 909.33 913.32 916.58 919.12 920.8 922 914.2 913.29 910.87 908.32 905.2 902.02 898.56 895.37 892.54 889.66 886.73 884.25 881.97 878.27 877.26 876.48 877.38 878.41 879.79 880.96 881.83 883.25 885.06 886.99 888.96 891.75 894.68 899.04 903.53 908.72 914.37 920.97 928.55 937.25 957.04 968.87 981.17 994.75 1008.5 1024.8 1041.1 1058.3 1076.5 1097 1119.4 1143.9
675.84 692.27 708.2 723.38 738.29 752.39 766.33 778.13 789.88 801.34 812.43 822.75 832.48 841.54 849.6 857.01 863.91 870.6 877.04 883.35 888.82 898.98 903.37 906.92 909.83 912.11 913.62 914.7 914.2 904.87 901.95 898.87 895.27 891.6 887.66 883.96 880.55 877.1 873.59 870.81 868.35 866.44 863.56 862.75 863.54 864.5 865.9 867.03 867.77 869.06 870.75 872.5 874.26 876.94 879.76 883.91 888.22 893.27 898.7 904.93 912.16 920.55 929.98 951.76 963.93 977.64 991.56 1008.2 1025 1042.6 1061.6 1083 1106.9 1133.4
687.85 703.7 718.98 733.22 747.08 759.99 772.74 783.2 793.62 803.85 813.81 823.19 832 840.16 847.32 853.85 860.2 866.46 872.37 878.16 883.28 892.72 896.71 899.83 902.42 904.46 905.81 906.76 906.04 904.87 890.15 886.85 882.94 879.01 874.98 871.11 867.45 863.82 860.2 857.33 854.78 852.83 849.84 848.91 849.61 850.47 851.78 852.8 853.43 854.52 855.95 857.45 858.97 861.51 864.21 868.13 872.22 877.09 882.32 888.3 895.35 903.61 912.8 934.15 946.27 960.4 974.79 991.82 1009.3 1028.7 1049.5 1072.7 1097.9 1124.9
698.5 713.52 727.84 741 753.74 765.13 776.31 785.54 794.7 803.42 811.98 820.15 827.82 834.93 841.21 846.96 852.71 858.44 863.94 869.35 874.09 883.03 886.83 889.67 892.01 893.82 894.91 895.59 894.64 893.28 890.15 874.5 870.38 866.27 862.18 858.18 854.31 850.54 846.83 843.88 841.26 839.26 836.16 835.14 835.74 836.5 837.69 838.6 839.1 840 841.19 842.45 843.74 846.11 848.64 852.32 856.17 860.87 865.91 871.66 878.51 886.63 895.63 905.19 928.98 943.67 958.67 976.43 994.77 1015.9 1038.1 1062.5 1088.5 1115.8
693.35 722.88 736.17 748.19 759.75 769.65 779.3 787.26 795.11 802.35 809.49 816.39 822.86 828.9 834.32 839.36 844.52 849.73 854.82 859.84 864.2 868.5 876.24 878.81 880.91 882.5 883.39 883.87 882.75 881.22 877.95 874.5 857.08 853.08 849.02 845.04 841.19 837.42 833.67 830.72 828.09 825.96 823.92 821.73 822.21 822.81 823.8 824.51 824.86 825.57 826.55 827.61 828.71 830.77 832.98 836.35 839.93 844.49 849.36 854.95 861.62 869.54 878.53 888.19 913.25 929.01 945.19 964.99 985.14 1007.1 1029.5 1052.9 1077.7 1104
702.25 730.37 742.42 753.07 763.21 771.8 780.16 786.71 793.14 798.87 804.53 809.95 815.05 820 824.75 829.4 834.09 838.81 843.5 848.13 852.18 856.19 863.44 865.73 867.61 869.05 869.85 870.28 869.15 867.6 864.42 861.07 843.92 840.05 836.04 832.1 828.25 824.5 820.78 817.84 815.21 813.01 810.89 808.67 809.03 809.49 810.26 810.8 811.02 811.55 812.31 813.2 814.13 815.89 817.8 820.95 824.33 828.78 833.57 839.15 845.89 853.95 863.37 873.65 900.48 917.35 934.68 955.74 976.94 999.11 1021.2 1043.3 1066.8 1091.5
710.21 736.98 747.94 757.25 765.93 773.16 780.17 785.31 790.29 794.32 798.33 802.23 805.94 809.93 814.15 818.5 822.79 827.07 831.36 835.63 839.37 843.1 849.9 852.02 853.75 855.07 855.86 856.34 855.33 853.92 850.93 847.76 843.92 827.35 823.46 819.58 815.71 812.01 808.4 805.51 802.9 800.73 798.64 797.39 796.54 796.85 797.4 797.78 797.91 798.29 798.84 799.58 800.39 801.89 803.51 806.57 809.88 814.29 819.16 825.02 832.26 841.11 851.8 863.63 878 911.22 929.66 950.55 971.41 992.5 1013.4 1033.9 1055.5 1078
716.41 730.21 752.12 760.12 767.3 773.1 778.68 782.45 785.95 787.98 789.99 791.87 794.44 797.97 801.87 806.05 810.06 814.01 817.94 821.85 825.3 828.76 832.2 837.31 839.02 840.28 841.2 841.9 841.23 840.19 837.56 834.73 831.07 827.35 811.26 807.5 803.76 800.2 796.76 793.99 791.49 789.32 787.21 785.92 784.89 785.04 785.4 785.67 785.81 786.07 786.42 787.07 787.83 789.44 791.21 794.63 798.32 803.25 808.75 815.5 823.58 833.17 844.83 857.79 872.82 907.05 925.91 946.16 966.27 986.19 1005.7 1024.3 1043.6 1063.4
721.67 734.85 755.26 762.02 767.77 772.17 776.35 778.57 780.46 780.66 780.86 781.02 782.57 785.83 789.46 793.38 797.11 800.8 804.43 808.03 811.24 814.47 817.73 822.77 824.57 825.99 827.09 828 827.62 826.89 824.55 822 818.55 815 811.26 795.86 792.4 789.08 785.86 783.29 780.95 778.77 776.59 775.29 774.05 774.02 774.25 774.47 774.69 774.87 775.03 775.65 776.44 778.56 780.91 785.12 789.65 795.64 802.34 810.61 819.81 830.11 842.46 856.11 871.11 904.85 923.43 942.55 961.52 980.2 998.07 1014.5 1031.1 1047.7
726 738.51 757.36 762.92 767.33 770.38 773.2 773.68 773.85 772.43 771.05 769.74 770.48 773.62 777 780.54 784.01 787.46 790.83 794.17 797.18 800.22 803.36 808.41 810.41 812.18 813.53 814.63 814.49 814.01 811.9 809.58 806.34 802.99 799.41 795.86 782.08 779.02 776.09 773.69 771.46 769.3 767.1 765.69 764.48 764.29 764.49 764.8 765.25 765.75 766.29 767.47 768.89 771.79 774.94 779.93 785.26 792.14 799.67 808.62 818.39 829.11 841.98 856.18 871.28 886.67 922.18 939.91 957.44 974.42 990.27 1004.2 1018.3 1032.5
728.65 740.56 750.2 762.77 766.12 767.9 769.41 768.57 767.42 764.77 762.14 759.62 759.54 762.29 765.33 768.55 771.7 774.83 777.97 781.12 784.07 787.05 790.13 792.93 797.3 799.26 800.73 801.93 801.97 801.69 799.87 797.84 794.87 791.82 788.57 785.32 782.08 769.45 766.87 764.64 762.47 760.35 758.18 756.62 755.29 755.2 755.45 755.92 756.7 757.73 758.96 761.01 763.38 767.22 771.3 777.07 783.18 790.86 799.01 808.19 818.22 829.23 842.5 857.21 872.48 887.93 921.59 937.79 953.73 968.74 982.37 993.59 1005.3 1017.4
730.38 741.71 750.78 762 764.42 764.99 765.23 763.29 761.05 757.37 753.7 750.11 749.2 751.41 754.06 756.99 759.81 762.59 765.51 768.45 771.4 774.4 777.47 780.26 784.68 786.75 788.29 789.54 789.72 789.61 788.09 786.38 783.75 781.04 778.21 775.29 772.25 769.45 758.72 756.61 754.56 752.55 750.47 749.1 747.96 748.44 749.14 750.01 751.11 752.68 754.61 757.26 760.2 764.4 768.83 774.85 781.24 789.34 797.88 807.33 817.68 829.06 842.58 857.44 872.77 888.23 904.31 934.67 948.75 961.93 973.31 981.47 988.92 995.64
729.45 740.4 748.89 759.04 761.21 761.2 760.82 758.37 755.65 751.66 747.7 743.85 742.15 742.96 744.87 747.47 750.09 752.7 755.49 758.29 761.04 763.87 766.85 769.57 771.73 775.78 777.31 778.57 778.81 778.77 777.54 776.13 773.92 771.61 769.09 766.49 763.78 761.19 758.72 748.67 746.74 744.88 742.93 741.85 740.99 741.44 743.43 744.77 746.21 748.33 750.96 754.14 757.54 761.97 766.6 772.75 779.31 787.74 796.59 806.33 817.02 828.8 842.52 857.47 872.81 888.28 903.68 931.3 943.46 954.83 963.95 968.97 971.72 972.22
727.7 738.29 746.22 752.22 757.5 757.1 756.27 753.47 750.43 746.34 742.29 738.39 735.91 735.08 736.15 738.42 740.87 743.36 746.04 748.74 751.24 753.84 756.69 759.29 761.32 765.12 766.59 767.84 768.12 768.13 767.17 766.06 764.28 762.37 760.15 757.86 755.51 753.12 750.69 743.21 741.48 739.98 738.42 737.4 736.61 737.24 739.34 740.67 742.14 744.28 746.93 750.38 754.13 758.82 763.69 770.17 777.03 785.76 795.01 805.37 816.52 828.58 842.29 857.06 871.94 886.86 900.75 924.28 933.77 941.46 947.18 949.3 948.78 945.65
724.13 734.16 741.77 747.58 753 752.51 751.56 748.78 745.77 741.86 738 734.34 731.86 730.78 731.11 732.32 734.24 736.35 738.69 741.03 743.25 745.56 748.1 750.5 752.48 756.18 757.59 758.79 759.15 759.28 758.61 757.81 756.42 754.92 753.12 751.24 749.28 747.2 745.04 743.21 736.26 735.12 733.93 732.97 732.22 733 735.18 736.49 737.97 740.1 742.74 746.42 750.51 755.47 760.6 767.41 774.6 783.65 793.33 804.33 815.93 828.21 841.84 856.33 870.59 884.78 897 908.76 923.11 927.09 929.39 928.59 924.96 918.51
719.75 729.42 736.81 742.54 745.83 747.68 746.68 743.98 741.07 737.37 733.75 730.37 727.97 726.73 726.38 726.58 727.97 729.7 731.69 733.68 735.61 737.59 739.79 741.97 743.91 745.74 748.79 749.9 750.33 750.57 750.16 749.65 748.64 747.53 746.17 744.69 743.07 741.29 739.41 737.79 736.26 730.87 729.77 728.82 728.01 728.52 729.3 731.64 733.13 735.22 737.76 741.49 745.68 751.09 756.72 763.87 771.44 780.97 791.17 802.8 814.65 826.72 839.57 852.91 865.24 877.25 886.61 895.48 905.5 906.47 905.69 901.71 895.64 887.46
712.91 722.67 730.19 736.1 739.5 741.76 741.09 738.76 736.19 732.82 729.57 726.69 724.58 723.39 722.99 723.09 724.15 725.49 727.16 728.84 730.28 731.8 733.61 735.48 737.21 738.84 741.53 742.5 742.95 743.25 743.07 742.79 742.05 741.23 740.17 739 737.57 736 734.32 733.02 731.86 730.87 725.25 724.32 723.39 723.71 724.37 726.5 727.98 730.04 732.54 736.39 740.76 746.53 752.56 759.99 767.84 777.66 788.13 799.98 811.76 823.42 835.31 847.34 857.81 867.76 874.51 880.73 886.08 884.31 880.77 873.98 865.54 855.44
705.31 715.16 722.83 728.92 732.56 735.48 735.27 733.26 730.96 727.98 725.17 722.82 721.03 719.91 719.48 719.5 720.29 721.3 722.69 724.1 725.14 726.28 727.79 729.31 730.72 732.09 734.34 735.16 735.58 735.93 735.94 735.88 735.37 734.78 733.95 732.99 731.83 730.49 729.02 727.98 727.11 726.24 725.25 719.04 718.23 718.41 718.88 719.65 722.13 724.21 726.79 730.93 735.68 741.58 747.68 755.14 762.96 772.45 782.37 793.19 803.91 814.5 824.86 835.08 843.83 852.11 857.03 861.35 861.53 857.29 851.96 843.53 832.98 820.32
695.72 705.69 713.55 719.86 723.99 727.3 728.86 726.99 724.75 722.37 720.2 718.49 717.08 716.05 715.63 715.6 716.25 717.11 718.33 719.56 720.38 721.26 722.31 723.41 724.51 725.58 726.59 727.99 728.39 728.76 728.91 729.01 728.69 728.26 727.54 726.72 725.8 724.66 723.36 722.39 721.53 720.74 719.9 719.04 712.48 712.55 712.8 713.45 715.68 717.69 720.24 724.39 729.16 734.94 740.91 748.1 755.59 764.42 773.57 783.38 793 802.37 811.19 819.65 826.65 833.17 836.35 838.89 836.66 828.02 820.66 810.21 797.53 782.62
685.04 695.13 703.18 709.76 714.36 718.21 721.26 719.82 718.03 716.29 714.72 713.53 712.5 711.66 711.29 711.22 711.77 712.49 713.55 714.62 715.23 715.87 716.53 717.26 718.09 718.87 719.6 720.62 720.95 721.3 721.53 721.72 721.53 721.24 720.61 719.91 719.15 718.17 717.01 716.13 715.34 714.61 713.86 713.14 712.48 705.55 705.7 706.39 708.32 710.14 712.5 716.2 720.41 725.7 731.18 737.66 744.35 752 760.04 768.88 777.3 785.24 792.48 799.27 804.43 809.06 810.64 811.61 807.86 803.23 785.42 772.38 757.53 740.88
672.7 682.9 691.2 698.11 703.15 707.47 711.95 711.41 710.64 709.56 708.51 707.65 706.95 706.46 706.21 706.11 706.56 707.17 708.08 709 709.43 709.87 710.24 710.71 711.32 711.83 712.27 712.9 713.13 713.39 713.62 713.84 713.74 713.51 712.9 712.25 711.58 710.69 709.62 708.86 708.22 707.48 706.71 706.13 705.6 697.41 697.41 697.86 698.44 700.64 702.55 705.64 709.18 713.87 718.78 724.48 730.35 736.96 743.87 751.45 758.59 765.24 771.05 776.31 779.64 782.35 781.94 780.92 775.39 768.9 747.01 732.37 716.31 698.85
659.15 669.55 678.12 685.34 690.83 695.66 698.71 701.81 702 701.63 701.24 700.88 700.64 700.54 700.35 700.09 700.41 700.89 701.67 702.44 702.69 702.93 703.07 703.29 703.66 703.93 704.1 704.21 704.45 704.64 704.86 705.07 705.03 704.86 704.32 703.75 703.16 702.39 701.43 700.74 700.16 699.4 698.6 698.05 697.54 697.41 688.08 688.06 688.19 689.47 690.71 693.06 695.82 699.83 704.07 708.94 713.96 719.65 725.45 731.49 737.28 742.76 747.25 751.1 752.63 753.41 750.67 747.31 739.76 731.27 705.89 690.49 674.05 656.56
