rfgrid_mm_maui_ann.asc
ncols         350
nrows         330
xllcorner     735033.781633
yllcorner     2251112.087301
cellsize      245.729
NODATA_value  -9999
[rows 165 to 197 of 330, columns 222 to 295 of 350]
1168.5 1175.7 1183.2 1191.1 1199.6 1233 1243.1 1252.4 1261.2 1269 1276.8 1284.5 1293.1 1302.5 1312.9 1324.7 1338.7 1355.3 1377.2 1403.5 1437.4 1478.6 1529 1587.8 1655.6 1735.4 1929 2042.9 2169.3 2305.9 2453.4 2608 2768.6 2932.1 3096.4 3261.2 3424.7 3589.3 3752.3 3923.6 4095.1 4279 4466.4 4670.7 4884.3 5115.4 5355.9 5859.6 6115.9 6369.3 6618.1 6839 7049.5 7218.7 7365.2 7456.2 7512.2 7521.9 7491.1 7422.7 7316.7 7187.3 6746.1 6581.1 6398.7 6209.1 5998.4 5781.3 5554 5065.6 4795.1 4508.7 4232.2 3957.5
1177.5 1185.5 1194.5 1203.9 1213.2 1222.9 1259.3 1269.2 1278.4 1286.5 1294.3 1302.1 1310.9 1320.7 1331.8 1344.3 1358.8 1376.2 1398.9 1426.3 1461.3 1503.8 1555.2 1615.6 1684.8 1765.6 1855.9 2068.3 2188.3 2315.7 2451.3 2592.5 2739.1 2889 3041 3194.9 3349 3504.9 3660.1 3823.9 3987.9 4164.4 4344.2 4541 4747 4970.6 5203.9 5446.7 5945.4 6194.4 6439.1 6657.3 6864.9 7018.4 7149.1 7223.1 7264.2 7262.9 7223.1 7147.2 7035.2 6902.2 6746.1 6292.1 6108 5917.3 5709.4 5494.8 5269.3 4782.4 4517.5 4240.7 3993.2 3755.4
1185.7 1194.7 1204.9 1215.5 1226.3 1237.3 1275.7 1286.4 1296.3 1304.9 1313.2 1321.5 1330.8 1341.1 1352.7 1365.8 1380.9 1398.9 1422 1450.1 1485.8 1528.8 1580.7 1641.9 1712 1793 1882.7 2089.9 2203.5 2322.3 2446.8 2575.6 2709.4 2846.7 2987.1 3130.6 3275.3 3422.6 3569.7 3725.6 3882.1 4051.4 4224 4413.6 4612.3 4828.9 5055.4 5291.8 5779.3 6023.6 6264.4 6474.5 6673.8 6810.5 6924.9 6983.3 7010.6 6998.8 6950.2 6869 6751.7 6614.6 6457.4 6292.1 5803.7 5610 5401.2 5185.7 4959.1 4476 4233.3 3993.2 3780.2 3576.2
1192.8 1203.2 1214.6 1226.5 1238.9 1251.3 1275.7 1303.4 1314.4 1324.1 1333.8 1343.5 1353.8 1364.9 1376.7 1390.2 1406.3 1425.2 1448 1475.9 1511.6 1554.7 1606.8 1668.3 1738.7 1819.7 1908.5 2006.4 2217.2 2327.6 2441.5 2558.6 2680.2 2805.8 2935.2 3068.6 3204.4 3343.3 3482.8 3630.9 3780 3942.4 4108.3 4291.2 4483.2 4693 4913.1 5143.3 5380.3 5859.5 6096.8 6286.6 6463.2 6581.1 6678.7 6726 6745.3 6724.7 6668.4 6580.5 6460.4 6322.5 6161.1 5990.9 5803.7 5269.1 5062.8 4852.2 4636.2 4415.4 3974.8 3768.4 3583.6 3405.8
1197.1 1209.4 1222.2 1235.3 1249.2 1263.3 1277.7 1303.4 1332.5 1343.8 1355.2 1366.8 1378.2 1390.1 1402.4 1416.3 1433 1452.5 1475.6 1503.6 1538.9 1581.6 1633 1694.2 1764.2 1844.3 1931.9 2027.7 2229.5 2331.7 2435.1 2540.9 2650.9 2765.4 2884.3 3008.1 3135.2 3266.2 3398.5 3539.4 3681.7 3837.6 3997.1 4173.7 4359.3 4562.8 4776.6 5000.6 5230.3 5689.3 5912.7 6082.7 6239.7 6341.3 6424 6459.6 6469 6440.6 6377.2 6282.7 6155.9 6011.2 5841.3 5662.4 5468.3 4888.5 4689 4490.2 4298.7 4110.1 3747.3 3571 3406.8 3246.1
1199.6 1213.8 1228.3 1242.8 1258.4 1274.2 1290.6 1319.8 1332.5 1363.8 1377.5 1391.3 1404 1416.9 1429.6 1444 1460.9 1480.7 1504.9 1533.5 1568.2 1609.9 1659.8 1719.6 1788.4 1867 1953 2046.8 2241.4 2335 2427.5 2522.1 2621.2 2725.2 2834.2 2949 3067.9 3191.6 3317.3 3451.9 3588.1 3737.8 3891.3 4061.9 4241.7 4439.2 4646.8 4864.2 5084.9 5510.5 5707.6 5858.5 5997.5 6085.9 6155.9 6179.3 6178.9 6144.4 6074.7 5973.8 5835.5 5677.1 5493.8 5301.5 5096.3 4888.5 4353.3 4181.4 4016.3 3854.4 3698.1 3388.7 3241 3094.8
1199.9 1216 1232.4 1248.7 1266.1 1283.6 1301.9 1319.5 1350.1 1363.8 1399.9 1415.7 1429.7 1443.7 1456.8 1471.6 1488.9 1509.2 1534.3 1563.3 1597.7 1638.6 1687 1744.9 1811.4 1887.5 1970.8 2062 2157.8 2335.2 2415.7 2499.4 2588.1 2681.8 2780.7 2885.8 2995.7 3111.3 3229.5 3356.7 3485.7 3628.2 3774.4 3937.7 4109.9 4299.7 4497.8 4704 4909.7 5114 5478.3 5615.7 5741.8 5819.1 5878.2 5890.8 5879.6 5834.1 5751 5634.8 5469.2 5277.9 5085.4 4889 4708.1 4525.7 4353.3 3906.7 3769.4 3631 3492 3216 3082.3 2949.1
1197.5 1215.2 1233.9 1252.7 1272.2 1291.7 1311.7 1331.2 1367.4 1383.9 1399.9 1439.9 1455.2 1470.2 1483.8 1498.9 1516.8 1537.5 1563.1 1592.4 1626.7 1666.8 1713.6 1769 1832.4 1904.6 1983.5 2070.1 2162.5 2325.9 2396.6 2471.5 2551.2 2635.3 2724 2819.3 2920.2 3027.5 3137.9 3257.3 3378.3 3512.8 3651 3806.1 3969.8 4150.4 4336.7 4528.5 4715.2 4897.8 5233.1 5360.5 5477.2 5544.8 5594.2 5596.7 5574 5514.2 5413 5275.3 5071.5 4834.3 4635.4 4440.6 4307.6 4173.3 4041.3 3906.7 3544.6 3420.8 3296.1 3050.6 2931.3 2812.4
1193.3 1212.5 1233.7 1255.3 1277.2 1298.9 1320.5 1342 1384.5 1404.2 1422.5 1439.9 1465.4 1481.3 1496.1 1512.4 1531.1 1552.5 1578.1 1607.2 1640.8 1679.5 1724 1776.3 1835.7 1902.8 1975.7 2054.7 2136.3 2285.5 2352.3 2420.5 2492.1 2567.3 2646.8 2733.5 2826.9 2927.8 3032.2 3145.3 3259.9 3386.7 3516.9 3662.8 3816 3983.6 4155.9 4332.6 4503.8 4670.9 4827.9 5096.4 5202.4 5257.2 5293.9 5282.7 5243.7 5163.4 5031.6 4854.4 4656.9 4447.5 4280 4118 4008.6 3897.5 3784.1 3667.1 3544.6 3214.7 3103.4 2994.6 2783 2678.8
1186 1207.2 1230.7 1254.5 1278.5 1302.1 1325 1347.7 1370.3 1412.3 1431.3 1449.4 1470.6 1487.2 1503.4 1521 1540.6 1562.7 1588.1 1616.7 1649.2 1686.1 1727.9 1776.6 1831.4 1892.6 1958.3 2028.4 2099.4 2169.3 2297.4 2360 2424.4 2491.3 2562 2640.5 2727.5 2823.5 2923.1 3030.7 3139.2 3258.6 3380.6 3517.1 3658.9 3812 3969.2 4130.3 4287.2 4440.6 4584.5 4829 4923.9 4964.9 4987.6 4961.4 4904.3 4800.9 4633.5 4409.8 4233.2 4076.3 3953.5 3835.2 3741.9 3646.1 3544.3 3438.6 3326.7 3214.7 2928.9 2838.3 2663.6 2578.2
1177.7 1201.1 1226.7 1252.5 1278.6 1304.1 1328.3 1351.9 1374.7 1416.5 1435.6 1454 1470.6 1481.7 1498.7 1517.2 1537.3 1559.6 1584.4 1612.1 1643.1 1677.8 1716.9 1761.6 1811.4 1866.6 1925.2 1987.2 2049.4 2111 2227.7 2284.7 2342.6 2402.3 2464.6 2533.9 2616.2 2709.1 2804.2 2905.8 3007.7 3118.7 3231.8 3357.4 3487.4 3626.9 3770 3916.7 4059.1 4198.1 4326.6 4541.5 4622.3 4648.8 4654 4600.1 4516.1 4386.7 4236.4 4067.6 3930.4 3806.1 3701.8 3599.2 3508.9 3416 3317.6 3218 3119.2 3022.3 2759.2 2687.1 2617.1 2483.3
1169.5 1195.4 1221.4 1247.1 1273.8 1299.9 1323.4 1346.3 1368.2 1389.3 1428.8 1447.8 1464.8 1481.7 1491.5 1510.8 1531.2 1553.5 1577.6 1604.1 1633.4 1665.9 1702.1 1742.8 1787.4 1836.7 1888.6 1943.2 1997.9 2052.2 2104.8 2208 2260.2 2313.8 2369.4 2428.7 2508.1 2597.3 2687 2781.9 2876.5 2978.8 3082.5 3196.9 3314.7 3440.4 3569.2 3701.2 3828.7 3952.9 4065.6 4173.3 4314.4 4325.3 4312.2 4230.8 4120.9 3968.2 3841.5 3737.4 3641.2 3547.2 3458.2 3368.2 3279.5 3188.2 3093.1 2999.9 2914.9 2834 2759.2 2578.5 2521.5 2408.9
1161.2 1189.3 1215.6 1240.9 1267.9 1294.2 1316.8 1338.9 1359.8 1380.3 1419.8 1439.3 1456.7 1473.7 1491.5 1487.5 1507.3 1528.8 1552 1577.4 1605.2 1636 1670 1707.5 1748 1792.2 1838.3 1886.8 1935.3 1983.5 2030.7 2123.7 2171.1 2220.2 2272.2 2331.4 2401.6 2481.4 2563.6 2650.4 2736.9 2829.4 2923 3025.7 3130.9 3242.1 3355.8 3471.9 3583.4 3691.3 3784.9 3873 3962.1 3943 3909.2 3836.3 3749.9 3644.3 3550.2 3466 3383.2 3299.8 3217.3 3133 3048.4 2963.3 2887.7 2814.9 2752.7 2692.4 2635.5 2578.5 2430.4 2336.8
1152 1178.8 1203.9 1228.2 1252.7 1276.7 1298.6 1320.1 1340.6 1360.4 1397.9 1417.1 1434.5 1451.7 1468.9 1487.5 1478.7 1499.4 1521.5 1545.7 1572.2 1601.2 1633.2 1667.8 1704.7 1744.3 1785.3 1828.2 1871.2 1913.9 1955.8 2038.8 2081.5 2126.5 2175.4 2231.3 2294.7 2365.5 2439.2 2516.9 2594.2 2676.5 2759.3 2849.4 2941 3036.8 3134.2 3233 3326.6 3416.4 3490.4 3558.6 3586.8 3565.3 3519.1 3458 3395.1 3331.6 3266.8 3200.7 3130.7 3057.6 2981.9 2903.7 2827.3 2752 2696.2 2643.5 2601.8 2560.1 2519.1 2475.6 2430.4 2308.5
1141.9 1167.1 1190.8 1213.8 1236 1257.7 1278.5 1299 1319 1337.9 1355.3 1391.8 1408.8 1425.7 1442.1 1459.6 1478.7 1453.5 1474.7 1497.9 1523.1 1551 1581.8 1614.4 1648.7 1684.7 1721.6 1759.8 1798 1835.8 1872.9 1909.5 1983.9 2024.2 2068.9 2119.7 2176.1 2237.5 2300.9 2367.5 2433.8 2503.8 2574 2649.5 2725.2 2802.9 2879.8 2955.9 3025.6 3090.9 3144 3192.3 3217 3218.2 3195.3 3158.4 3116.9 3069.9 3017.8 2961 2900.2 2836.4 2768.6 2698.3 2646.6 2596.1 2560.7 2525.7 2494 2461.1 2426.9 2389.7 2350.1 2308.5
1128.3 1151.2 1172.6 1193.4 1213.7 1233.6 1251.9 1270.2 1288.9 1306.5 1322.9 1356.1 1371.1 1386 1400.5 1416.1 1434 1398.2 1418.3 1440.2 1464.2 1490.8 1520.3 1551.2 1583.2 1616.2 1649.9 1684.1 1718.2 1751.4 1784.1 1815.7 1879.3 1913.7 1953.1 1999.1 2049.3 2102.5 2156.7 2212.9 2268.6 2327.3 2385.6 2447.8 2509.3 2571.3 2631.4 2689.7 2742 2790.1 2828.8 2863.7 2886.4 2905.4 2900.1 2881.5 2856.4 2822.6 2781.2 2733 2681 2626.4 2571.9 2515.8 2485.6 2456 2435.9 2414.4 2390.9 2365.4 2337.5 2306.2 2272.2 2236.5
1113.9 1134.6 1153.5 1171.6 1189.8 1207.6 1223.4 1239.1 1254.9 1269.9 1283.9 1312.3 1325.1 1338 1350.5 1364.2 1380.4 1398.2 1345.1 1365.3 1387.9 1413 1440.9 1470.2 1500.6 1531.5 1562.8 1594 1624.9 1654 1682.5 1709.1 1735.4 1787.8 1820.3 1862.8 1908.1 1954.3 2000.2 2047.3 2093.6 2142.5 2190.9 2242.3 2293.3 2344.7 2395.5 2445.7 2493.3 2538.9 2576.4 2610.5 2634.5 2655.1 2661.2 2648.8 2630.1 2602.8 2568.1 2526.9 2483.1 2437.2 2406.2 2376.9 2361.2 2344.9 2329.7 2313.1 2294.4 2273.7 2250.6 2224.5 2196 2167.8
1098.2 1116.9 1132.7 1147.6 1163 1178.1 1191.5 1204.1 1214.2 1223.9 1233.2 1243.2 1264.3 1275 1285.5 1297.1 1311.1 1326.7 1345.1 1287.8 1309.1 1332.7 1359.1 1386.9 1415.6 1444.8 1474.1 1503 1531.7 1557.8 1583.2 1606.3 1628.8 1671.2 1696.5 1737 1777.1 1816.9 1855.8 1895.4 1934 1975 2015.4 2058.3 2100.9 2144.4 2187.7 2230.8 2273.2 2314.6 2349.9 2382.9 2405.9 2426.1 2438 2430.4 2417.1 2395.6 2368.7 2336.9 2306.7 2276.4 2263.1 2252.1 2245.7 2238.1 2227.2 2215.1 2200.7 2184.5 2166.2 2146.2 2124.8 2103.9
1081 1097.3 1110.5 1122.8 1134 1145 1154.5 1163.1 1168.7 1174.3 1179.5 1185.8 1200.6 1208.8 1217.2 1226.8 1238.8 1252.5 1269.3 1287.8 1227.6 1249.9 1274.9 1301.1 1328.1 1355.7 1383.5 1410.9 1438.2 1462.3 1485.9 1506.9 1527.4 1567.7 1592.5 1623.7 1657.1 1690.7 1723.7 1757.4 1790.3 1825.4 1860 1896.5 1933.3 1971.5 2009.3 2046.6 2082.9 2118.2 2150.6 2181.7 2201.4 2218.6 2226.5 2226.8 2217.6 2201.3 2183.1 2163.3 2152.5 2145.2 2143.4 2141.9 2139.4 2135.6 2128.5 2120.2 2109.8 2097.9 2084.4 2071.2 2058.4 2044.5
1062.4 1075.8 1086.9 1097.3 1103.1 1108.5 1112.4 1116.1 1118.7 1121 1122.8 1125.6 1129.2 1139.2 1145.4 1152.9 1163.5 1175.6 1190.8 1207.8 1227.6 1172.4 1195.9 1220.4 1245.9 1271.9 1298.2 1324.2 1350 1372.9 1395.4 1415.4 1435.1 1454.2 1497.3 1522.8 1549.6 1577.1 1604.2 1632.3 1659.9 1689.5 1718.9 1750 1781.6 1815 1848.4 1881.7 1913.4 1943.8 1971.6 1998 2015.7 2031.4 2040.4 2046.8 2044 2037.4 2030.9 2024.6 2025.6 2029.5 2033.6 2037 2037.8 2037.5 2034.2 2029.8 2023.1 2015.9 2008.4 2001.7 1995.6 1987.9
1043.4 1052.5 1059.1 1065 1066.5 1067.6 1067.5 1067.5 1067 1066.3 1065.4 1065.5 1066.4 1071.5 1076 1081.9 1091.3 1102.2 1116.4 1132.3 1151.3 1172.4 1118.8 1141.8 1165.7 1190.2 1215.2 1239.6 1264 1286 1307.8 1327.4 1346.7 1365.2 1405.2 1426.5 1447.9 1469.6 1491 1513.7 1536.2 1560.8 1585.4 1611.5 1638.4 1667.2 1697 1727.5 1755.6 1781.7 1803.7 1824 1840.3 1855.4 1866.2 1880.2 1885.2 1891 1898.2 1906.6 1915.2 1923.6 1930.3 1936.1 1940 1943.1 1943.7 1943.1 1940.2 1938 1937.2 1936.7 1936 1933.6
1024.3 1028.2 1029.1 1029.1 1026.7 1024.3 1021.1 1018 1014.1 1010.6 1007.2 1004.8 1003.5 1004 1007.1 1011.7 1020 1029.9 1043.3 1058.6 1076.9 1096.9 1048.4 1070.1 1092.5 1115.4 1138.7 1161.4 1184.4 1205.3 1226.1 1245.3 1264.3 1282.5 1301.2 1337.9 1354.6 1370.8 1386.7 1403.9 1421.4 1441.6 1462.2 1484.7 1508.1 1533.1 1559.1 1585.9 1611.1 1635.2 1656.7 1677.1 1695.6 1713.4 1728.6 1742.9 1767.7 1780.8 1794.1 1807.5 1819.7 1831.1 1840.5 1849.2 1855.2 1860.5 1863.9 1867 1869.4 1872.5 1876.4 1880.3 1883.9 1885.2
998.24 998.55 995.78 992.25 986.24 980.27 974.02 967.9 961.29 955.15 949.5 945 941.53 939.74 941.52 945.23 952.9 962.15 975.21 990.08 1008 1027.4 1048.4 998.69 1019.6 1040.8 1062.5 1083.6 1105.1 1124.6 1144.4 1162.9 1181.5 1199.2 1217 1249.7 1262.1 1272.7 1283.1 1295.1 1307.8 1324 1341.1 1360.5 1380.8 1402.4 1424.6 1447.3 1470.2 1492.9 1515.3 1537.5 1559.4 1580.9 1601.4 1621.9 1662.7 1681.8 1699.3 1715.4 1730.1 1744 1756.3 1767.9 1775.7 1783 1788.9 1795.5 1803.8 1812 1820 1827.7 1835 1839.4
970.44 967.4 961.58 955.11 945.41 935.83 926.48 917.39 908.07 899.4 891.47 884.89 879.55 876.18 875.67 878.63 885.65 894.21 906.9 921.48 939.33 958.27 978.32 998.69 954.5 974.16 994.23 1013.9 1033.9 1052.2 1070.7 1088 1105.5 1122.5 1139.6 1173.5 1183.3 1190.7 1198.9 1209.3 1220.8 1235.7 1251.8 1270.4 1290 1311 1332.7 1354.8 1377.3 1399.6 1421.9 1443.9 1465.9 1487.7 1510.2 1532.6 1555.1 1598.2 1618.2 1637.2 -9999 1672.5 1686.9 1700.6 1712 1722.9 1731.4 1740.1 1749.4 1759.1 1769 1778.5 -9999 -9999
940.46 934.16 925.89 917.22 904.49 891.84 879.24 867.05 854.98 843.91 834.05 825.91 819.4 815.86 816.02 819.3 826.64 835.38 848.07 862.6 880.46 898.82 916.73 935.26 954.5 908.22 926.82 945.08 963.65 980.58 997.69 1013.6 1029.7 1045.3 1061.1 1077 1101.3 1108.1 1115.6 1125.4 1136.4 1150.5 1166.1 1184.2 1203.5 1224.5 1246 1267.9 1290.1 1312.3 1334.5 1356.5 1378.6 1400.7 1424.9 1448.8 1472.5 1519 -9999 -9999 -9999 -9999 -9999 1637.3 1652.3 1666.7 1677.6 -9999 -9999 -9999 -9999 -9999 -9999 -9999
910.1 900.65 889.88 878.88 863.22 847.6 831.83 816.62 801.94 788.65 777.06 767.63 760.17 756.55 755.15 760.93 768.53 777.39 789.86 803.96 821.08 838.36 854.98 872.16 890 908.22 878.62 896.03 913.67 929.74 945.88 960.67 975.33 989.13 1002.7 1015.5 1035.1 1041.9 1048.5 1056.9 1066.3 1079.1 1093.7 1110.9 1129.8 1150.7 1172.4 1194.5 1217.2 1239.9 1263 1286 1310.1 1334.2 1358.1 1382 1406.3 -9999 -9999 -9999 -9999 -9999 -9999 -9999 -9999 -9999 -9999 -9999 -9999 -9999 -9999 -9999 -9999 -9999
877.08 865.55 851.64 837.25 819.9 802.68 785.32 768.82 753.74 740.64 730.13 721.91 715.71 712.91 712.06 718.62 726.35 735.16 747.26 760.65 776.46 792.64 809.16 826.01 843.35 860.85 878.62 847.74 864.41 879.55 894.63 908.16 921.31 933.25 944.56 954.81 963.7 977.26 983.15 990.48 998.61 1010.2 1024.1 1041.2 1060.1 1081.2 1103.1 1125.6 1148.7 1172.1 1196.1 1220.2 1245.9 1271.4 1295.4 1319.6 -9999 -9999 -9999 -9999 -9999 -9999 -9999 -9999 -9999 -9999 -9999 -9999 -9999 -9999 -9999 -9999 -9999 -9999
842.92 829.14 812.36 794.96 776.07 757.42 739.03 721.77 706.74 694.09 684.62 677.53 672.52 670.5 670.21 673.26 685.17 693.83 705.48 718.14 732.88 748.19 764.19 780.61 797.46 814.28 831.23 803.83 819.36 833.34 847.17 859.44 871.14 881.38 890.78 899.01 906.32 918.58 924.14 930.63 937.45 947.51 961.36 980.08 999.95 1021.2 1043.2 1065.9 1089.6 1113.8 1139.1 -9999 -9999 -9999 1240.4 -9999 -9999 -9999 -9999 -9999 -9999 -9999 -9999 -9999 -9999 -9999 -9999 -9999 -9999 -9999 -9999 -9999 -9999 -9999
805.12 788.58 769.88 750.78 731.04 711.73 694.18 677.92 664.5 653.22 644.8 638.74 634.74 633.39 633.55 636.87 648.9 657.36 668.46 680.39 694.17 708.66 724.07 739.93 756.18 772.26 788.36 803.83 775.97 788.78 801.38 812.45 822.82 831.64 839.57 846.36 852.54 863.62 868.91 875.17 881.49 890.11 904.9 924.9 945.22 966.53 988.67 1011.7 -9999 -9999 -9999 -9999 -9999 -9999 -9999 -9999 -9999 -9999 -9999 -9999 -9999 -9999 -9999 -9999 -9999 -9999 -9999 -9999 -9999 -9999 -9999 -9999 -9999 -9999
765.32 746.75 726.93 706.91 687.11 667.84 651.3 636.15 624.24 614.32 607.01 601.98 598.9 598.22 598.85 602.43 614.55 622.83 633.46 644.77 657.75 671.47 686.21 701.39 716.92 732.15 747.31 761.66 775.97 747.4 758.74 768.66 777.86 785.55 792.42 798.29 803.61 808.41 818.68 825.65 833.08 844.41 859.05 877.79 897.55 918.73 941.06 -9999 -9999 -9999 -9999 -9999 -9999 -9999 -9999 -9999 -9999 -9999 -9999 -9999 -9999 -9999 -9999 -9999 -9999 -9999 -9999 -9999 -9999 -9999 -9999 -9999 -9999 -9999
722.4 702.92 683.21 663.54 644.99 626.96 611.76 597.94 587.41 578.85 572.76 568.72 566.43 566.43 567.65 571.5 576.06 591.64 601.92 612.77 625.11 638.13 652.12 666.5 681.18 695.46 709.6 722.74 735.78 747.4 719.4 728.26 736.44 743.21 749.28 754.53 759.48 764.15 774.99 782.85 791.48 804.17 818.73 836.37 855.24 875.65 -9999 -9999 -9999 -9999 -9999 -9999 -9999 -9999 -9999 -9999 -9999 -9999 -9999 -9999 -9999 -9999 -9999 -9999 -9999 -9999 -9999 -9999 -9999 -9999 -9999 -9999 -9999 -9999
680.18 660.88 641.91 623.08 606.35 590.11 576.55 564.29 555.42 548.38 543.55 540.47 538.91 539.32 540.77 544.62 549.1 564.03 573.82 584.13 595.89 608.22 621.39 634.85 648.57 661.76 674.76 686.75 698.6 709.15 719.4 691.06 698.31 704.3 709.77 714.64 719.61 724.6 736.88 745.52 754.95 767.87 782.12 799.19 817.22 -9999 -9999 -9999 -9999 -9999 -9999 -9999 -9999 -9999 -9999 -9999 -9999 -9999 -9999 -9999 -9999 -9999 -9999 -9999 -9999 -9999 -9999 -9999 -9999 -9999 -9999 -9999 -9999 -9999
638.6 620.37 602.71 585.2 570.81 556.89 545.41 534.84 527.95 522.45 518.83 516.67 515.78 516.35 517.72 521.32 525.49 532.33 548.75 558.47 569.68 581.29 593.61 606.13 618.82 630.85 642.63 653.5 664.22 673.86 683.18 691.06 666.36 671.77 676.79 681.4 686.33 691.48 697.79 713.43 722.98 -9999 -9999 -9999 -9999 -9999 -9999 -9999 -9999 -9999 -9999 -9999 -9999 -9999 -9999 -9999 -9999 -9999 -9999 -9999 -9999 -9999 -9999 -9999 -9999 -9999 -9999 -9999 -9999 -9999 -9999 -9999 -9999 -9999
