rfgrid_mm_maui_ann.asc
ncols         350
nrows         330
xllcorner     735033.781633
yllcorner     2251112.087301
cellsize      245.729
NODATA_value  -9999
[rows 66 to 98 of 330, columns 148 to 221 of 350]
-9999 -9999 -9999 -9999 669.4 688.8 708.55 729.9 751.95 775.55 801.33 829.61 859.95 891.68 925.02 958.78 993.53 1028.3 1063.7 1098.9 1134.3 1169.8 1242 1277.9 1313.1 1348 1382.6 1417.1 1450.6 1484 1516.4 1548.5 1579.3 1609.4 1638.5 1666.4 1693.1 1717.9 1742 1764.8 1787.3 1807.6 1827.7 1864.5 1881.7 1898.4 1914.7 1931.1 1947.7 1966 1985 2006.4 2028.1 2052.9 2142.1 2170 2198.4 2227.8 2256.3 2284 2309.7 2334 2352.2 2375.3 2381.3 2385.3 2387.3 2382.1 2373.8 2360.2 2344.2 -9999 -9999 -9999
-9999 -9999 -9999 651.5 669.45 689.82 710.62 733.47 757.28 783.16 811.71 843.32 876.6 911.02 946.63 982.63 1019.6 1056.7 1094 1131.2 1168.4 1205.6 1243.1 1317.6 1354.1 1390.3 1426 1461.7 1496.3 1530.8 1564.1 1597.1 1628.5 1659.4 1689.2 1718 1745.1 1770.2 1794.5 1817.5 1840.3 1861.2 1882 1921.2 1939.3 1957 1974.1 1991.3 2008.5 2027.6 2047.3 2069.1 2091.3 2116.5 2142.1 2237.9 2267.4 2298.1 2328 2357.1 2384.1 2409.4 2428.7 2454.1 2460.8 2459.5 2456.8 2449.5 2439.5 2424.8 -9999 -9999 -9999 -9999
-9999 602.43 617.56 651.6 670.16 691.67 713.72 738.21 764.28 793.73 825.4 859.64 895.47 932.36 970.05 1008 1046.8 1085.5 1124.5 1163.2 1201.8 1240.2 1278.7 1355 1392.3 1429.1 1465.4 1501.6 1537.6 1573.4 1607.4 1641 1673.2 1704.9 1735.5 1764.7 1792.4 1818.1 1842.9 1866.4 1889.7 1910.9 1932 1973.2 1992.5 2011.3 2029.8 2048.7 2067.8 2088.5 2109.9 2132.8 2156 2182.2 2208.8 2237.9 2337.1 2369.1 2400.4 2430.9 2459.2 2485.8 2506.3 2524.6 2541.4 2537.7 2532.4 2522.3 2509.4 2492 2471.8 2449.1 2423.6 2396.7
588.37 601.84 617.33 652.44 671.79 694.63 718.16 744.83 773.35 805.82 840.23 876.9 914.9 953.78 993.29 1033.1 1073.2 1113.5 1153.6 1193.5 1232.9 1272.1 1311.2 1388.5 1426.3 1463.7 1500.7 1537.7 1574.8 1611.8 1646.6 1681.2 1714.3 1746.8 1778.2 1808.1 1836.6 1863.2 1888.9 1913.1 1937.1 1959.3 1981.4 2003.2 2045.2 2065.5 2085.6 2106.2 2127.1 2149.7 2172.8 2197.1 2221.6 2248.9 2276.5 2306.6 2337.1 2440.9 2473.5 2505.5 2535.2 2563.1 2585 2604.6 2623.3 2620.5 2615.2 2601.1 2584.1 2562.1 2538.9 2514.6 2487.1 2457.8
587.78 601.69 617.65 654.15 674.51 698.86 724.12 753.6 784.8 819.65 856.36 895.23 934.97 975.28 1016.3 1057.6 1098.8 1140.1 1181 1221.9 1261.2 1300.6 1339.9 1378.8 1455.4 1493.3 1531.3 1569.4 1607.3 1645.2 1681.2 1716.9 1751.2 1784.7 1817 1847.8 1877.3 1905 1931.8 1957.2 1982.2 2006.1 2029.9 2052.8 2097.5 2119.4 2141.4 2163.9 2186.7 2211 2236 2262 2288.1 2316.6 2345.4 2376.2 2407.7 2513.9 2547.6 2580.7 2611.7 2641.2 2664.7 2685.9 2706.9 2705.1 2700.1 2684.6 2665.4 2640.2 2613.1 2584.1 2553.4 2521.8
587.53 601.83 618.43 635.9 678.35 704.35 731.37 763.14 796.55 833.42 872.02 912.63 953.82 995.41 1037.5 1079.7 1121.6 1163.4 1204.3 1244.8 1284.3 1323.6 1362.9 1401.7 1478.5 1517.1 1555.8 1594.6 1633.4 1672.2 1709.7 1746.6 1781.9 1816.4 1849.4 1881.1 1911.5 1940.4 1968.6 1995.7 2022.6 2048.6 2074.5 2099.3 2148 2172 2195.9 2220.4 2245.2 2271.5 2298.4 2326.2 2354.1 2384.3 2414.8 2447.1 2479.8 2513.9 2622.2 2656.2 2688.6 2719.7 2745 2768.2 2781 2790.8 2786.5 2771 2751.1 2723.7 2692 2656.2 2621.6 2587.8
587.5 602.17 619.54 637.92 682.91 710.64 739.42 773.13 808.46 847.14 887.37 929.43 971.9 1014.6 1057.4 1100.2 1142.4 1184.5 1225.1 1265.3 1304.4 1343.3 1382.4 1420.9 1497.8 1537.2 1576.4 1615.7 1655.6 1695.4 1734.2 1772.3 1808.8 1844.2 1877.7 1910.1 1941.5 1971.7 2001.4 2030.7 2059.8 2088.2 2116.4 2143.7 2170.8 2223.5 2249.4 2275.9 2303 2331.4 2360.1 2389.8 2419.7 2451.9 2484.4 2518.5 2552.8 2587.7 2622.2 2734.6 2767.8 2799.7 2825.9 2849.9 2864.5 2876.8 2873.3 2858.8 2839.6 2812.1 2779.5 2741.9 2702.7 2662.7
587.98 603.17 621.28 640.45 687.41 716.57 746.75 782.05 819.01 859.16 900.71 943.95 987.25 1030.6 1073.6 1116.5 1158.5 1200.3 1240.4 1280.1 1318.4 1356.6 1394.8 1432.8 1470.6 1549.1 1588.7 1628.4 1669.2 1710.2 1749.9 1789.2 1826.8 1863.3 1898.2 1931.9 1964.4 1996.2 2027.7 2059.1 2090.5 2121.3 2152 2182.3 2212.5 2271.6 2300.5 2330 2359.9 2391 2422.6 2454.8 2487.1 2521.7 2556.4 2592.3 2628.1 2664.2 2699.7 2734.6 2847.7 2880.1 2907 2931.5 2948.1 2962.4 2960.3 2947.3 2929.1 2902.2 2869.7 2832 2788 2740.8
588.63 604.42 623.28 643.24 667.22 722.59 754.09 790.85 829.23 870.7 913.45 957.76 1001.7 1045.5 1088.5 1131.3 1173 1214.4 1253.9 1293 1330.6 1368 1405.1 1442.4 1480 1558.3 1598.2 1638.4 1680.1 1721.9 1762.8 1803.2 1841.9 1879.7 1916.1 1951.2 1985.1 2018.5 2051.7 2085.2 2118.9 2152.1 2185.4 2218.8 2252.1 2285.4 2350.7 2383.4 2416.2 2450.4 2484.9 2519.9 2555 2592 2628.9 2666.5 2704 2741.4 2778.1 2813.9 2847.7 2960.1 2987.4 3012.3 3029.7 3044.9 3047.9 3036.2 3019.4 2993.7 2962.4 2925.6 2882 2835
588.63 605.3 624.81 645.43 670.39 727.92 760.68 798.57 837.94 880.24 923.76 968.69 1012.9 1056.8 1099.4 1141.7 1182.1 1222.2 1260.5 1298.6 1335.5 1372 1408.1 1444.4 1481.3 1558.5 1598.6 1639.1 1681.4 1723.8 1765.7 1807.1 1847.2 1886.4 1924.1 1960.7 1996.3 2031.6 2066.8 2102 2137.4 2172.8 2208.4 2244.5 2280.7 2317.5 2391.1 2428.6 2466.5 2505 2543.8 2582.6 2621.4 2661.5 2701.3 2741.1 2780.4 2819.1 2856.8 2893.1 2927.5 2960.1 3068 3093.2 3111.4 3127.5 3135.6 3125.4 3110.1 3085.8 3055.8 3020.2 2977.7 2931.5
588.86 605.3 626.36 647.64 673.6 733.22 767.1 806.12 846.44 889.53 933.71 979.17 1023.6 1067.5 1109.7 1151.3 1190.3 1229 1266.1 1303.2 1339.3 1375.1 1409.9 1445.2 1481.3 1518.8 1597.6 1638.3 1681.2 1724.2 1767.2 1809.7 1851.1 1891.6 1930.6 1968.7 2006 2043.2 2080.5 2117.3 2154.3 2191.9 2229.9 2268.5 2307.6 2347.9 2430.1 2472.4 2515.5 2558.6 2601.6 2644.5 2687.3 2730.5 2773.3 2815.4 2856.7 2896.8 2935.4 2972.5 3007.3 3040.4 3068 3174.9 3193.3 3209.5 3216.4 3213 3200.6 3178.8 3150.9 3117.1 3076 3031.1
589.11 606.2 626.36 648.82 675.47 702.92 771.79 811.65 852.72 896.35 940.87 986.38 1030.7 1074.2 1115.1 1155.3 1192.8 1230.1 1265.9 1301.7 1336.5 1371.1 1404.1 1437.9 1473 1510.1 1588.7 1629.5 1673.2 1717.1 1761.6 1805.5 1847.9 1889.4 1929.5 1969.2 2008.6 2047.7 2086.9 2125.8 2165 2204.9 2245.2 2286.2 2328 2371.4 2415.8 2508.6 2556.6 2604.7 2652.8 2700.8 2748.6 2795.7 2842.4 2887.6 2931.6 2973.5 3013.7 3052.1 3087.7 3121.3 3149.3 3256.3 3275 3291.4 3299.2 3299.9 3290.4 3271.4 3246 3214.2 3175 3131.7
588.74 606.21 626.92 648.82 677.08 705.19 776.13 816.75 858.52 902.7 947.51 993.02 1037 1080 1119.7 1158.4 1194.4 1230.2 1264.7 1299 1332.3 1365.3 1396.8 1429.6 1463.7 1500.3 1538.3 1619.9 1664.6 1709.5 1755.3 1800.5 1843.9 1886.5 1927.8 1969 2010.1 2051.1 2092 2133.1 2174.5 2216.6 2259.3 2303.1 2347.7 2394.3 2442.4 2543.9 2596.6 2649.6 2702.6 2755.4 2808 2859.1 2909.6 2957.9 3004.7 3048.6 3090.6 3130.5 3167.2 3201.5 3230.2 3256.3 3354.5 3371.4 3379.4 3382.1 3375 3360.2 3338.3 3309.6 3273.9 3234.2
588.44 606.19 627.35 649.78 677.08 706.38 779.08 820.14 862.35 906.99 951.94 997.18 1040.4 1082.4 1120.7 1157.8 1192.2 1226.4 1259.3 1292 1323.6 1354.9 1385.6 1417.5 1450.8 1486.8 1524.4 1607 1653.1 1699.4 1746.2 1792.4 1836.9 1880.5 1923 1965.4 2007.7 2050.1 2092.7 2135.8 2179.4 2223.9 2269.4 2316.7 2364.9 2414.9 2466.5 2575.8 2632.5 2689.7 2747.1 2804 2860.7 2915.8 2970 3021.3 3071 3117.6 3162.1 3204.1 3242.5 3278 3307.9 3335.1 3354.5 3449.3 3458 3464.1 3458.7 3447.4 3429.2 3404.2 3372.6 3337.1
587.41 605.45 626.9 649.64 677.58 706.88 743.54 822.45 865.04 909.96 954.92 999.86 1042.3 1083.4 1120.4 1156.2 1189 1221.6 1252.9 1284 1313.9 1343.7 1373.3 1404.2 1436.6 1472.2 1509.5 1593.4 1640.7 1688.3 1736.2 1783.4 1828.8 1873.6 1917.3 1960.9 2004.4 2048.2 2092.4 2137.3 2182.9 2229.8 2278.1 2328.8 2380.5 2434 2489.3 2546.8 2666.8 2728.1 2789.6 2850.5 2911.1 2969.7 3027.3 3081.5 3134 3183.4 3230.3 3274.4 3314.6 3351.7 3383 3411.2 3431.5 3449.3 3532.9 3540.7 3539.8 3531 3516.6 3496.6 3470.2 3440.2
586.08 604.37 626.06 649.03 677.5 706.88 743.14 822.8 865.63 910.5 955.23 999.78 1041.7 1081.9 1117.8 1152.6 1183.8 1214.8 1244.5 1274.1 1302.4 1330.8 1359.1 1388.9 1420.4 1455.6 1492.9 1535.1 1626.9 1675.4 1724.3 1772.5 1818.8 1864.6 1909.7 1954.7 1999.6 2044.8 2090.3 2136.6 2183.7 2233.1 2284.5 2338.3 2393.3 2450.5 2509.4 2570.5 2698 2763.1 2828.5 2893 2957.2 3018.4 3078.8 3135.8 3191.1 3243 3292.3 3338.5 3380.7 3419.8 3452.6 3481.9 3503.4 3522.4 3532.9 3616 3619.7 3614 3603.4 3588.1 3566.5 3541.5
584.18 602.63 624.44 647.55 676.36 706.13 743.14 779.64 864.84 909.65 954.16 998.29 1039.5 1078.8 1113.7 1147.2 1177 1206.5 1234.8 1263 1289.9 1317 1344.3 1373.4 1404.3 1439.3 1476.4 1519.2 1612.3 1661.5 1711.2 1760.2 1807.7 1854.6 1900.9 1947.3 1993.8 2040.5 2087.3 2135.3 2183.7 2234.3 2289 2345.9 2404 2464.5 2526.7 2591.2 2725.8 2794.6 2863.6 2931.5 2999 3063.2 3126.3 3186.1 3244 3298.3 3349.9 3398.2 3442.4 3483.5 3518.8 3549.5 3572.5 3593 3605.8 3616 3696.2 3696.9 3690.3 3679.3 3662.1 3641.5
581.61 600.12 622.09 645.39 674.46 704.49 741.65 779.64 862.69 907.44 951.72 995.42 1035.9 1074.4 1108 1140.2 1168.7 1196.9 1223.9 1250.8 1276.4 1302.5 1329.1 1357.7 1388.3 1423.1 1460.2 1503.2 1597 1646.8 1696.9 1746.7 1795.4 1843.5 1891 1938.8 1986.9 2035.3 2083.8 2134 2184.5 2236.5 2293 2352.2 2412.7 2476.2 2541.4 2609 2678.8 2822.6 2895.2 2966.3 3036.9 3104.1 3170.2 3232.5 3292.9 3349.5 3403.2 3453.6 3499.7 3542.4 3580.4 3613.5 3638.6 3661.4 3677.3 3690.3 3775.5 3783.2 3780.5 3773.5 3760.9 3745
578.36 596.84 618.99 642.56 671.79 701.97 739.08 777.09 862.69 903.6 947.59 990.81 1030.5 1067.9 1100.6 1131.8 1159.2 1186.6 1212.5 1238.3 1262.9 1288.2 1314.3 1342.5 1372.7 1407.2 1444.1 1487.2 1531.7 1631 1681.6 1731.8 1781.4 1830.5 1879.1 1928.2 1977.7 2027.8 2078.1 2130.4 2183.6 2238.4 2295.8 2356.6 2419.2 2485.1 2553.2 2624 2696.9 2846.5 2922 2996 3069.4 3139.8 3209.1 3274.6 3338.1 3398 3454.7 3507.8 3556.2 3601 3640.7 3676.7 3705.1 3730.9 3750.2 3766.4 3775.5 3867.4 3874 3871 3862.9 3851.8
574.69 593.02 615.26 639.03 668.36 698.61 735.59 773.44 815.82 903.6 942.61 985.33 1024.1 1060.5 1092.3 1122.7 1149.3 1176 1201 1225.8 1249.6 1274.2 1299.9 1327.6 1357.3 1391.4 1428 1471.1 1515.6 1614.6 1665.5 1716.3 1766.6 1816.5 1866.1 1916.5 1967.5 2019.3 2071.5 2125.8 2181.2 2238.5 2297.6 2360.3 2424.9 2493 2563.8 2637.8 2713.6 2790.7 2946.7 3023.3 3099.5 3173.2 3245.8 3314.8 3381.9 3445.5 3505.7 3561.8 3613 3660.3 3702.4 3741 3773 3802.1 3825.1 3844.8 3857.7 3867.4 3970.2 3971.4 3967.3 3959.9
570.78 588.86 611.15 635.11 664.52 694.84 731.64 769.27 811.46 898.95 942.61 977.9 1016.1 1051.9 1083.3 1113.3 1139.8 1166.1 1190.5 1214.5 1237.4 1261.7 1287 1314.1 1342.9 1376.2 1411.9 1454.3 1498.3 1596.8 1648 1699.1 1750 1800.6 1851 1902.3 1954.6 2007.6 2061.3 2117.8 2175.4 2235.1 2296.3 2360.8 2427.3 2497.4 2570.2 2646.3 2724.5 2804.1 2965.8 3045.3 3124.3 3201.6 3277.9 3351.3 3422.6 3490.2 3554.4 3614.5 3669.5 3720.5 3765.5 3807.1 3842.3 3874.6 3901.3 3924.7 3941.7 3955.4 3970.2 4075.1 4074.9 4071.1
566.78 584.63 606.92 630.99 660.42 690.72 727.15 764.47 806.32 892.93 935.98 977.9 1007.7 1043.1 1074.2 1104 1130.4 1156.6 1180.4 1204.1 1226.4 1249.9 1274.7 1301 1328.7 1361 1395.7 1437.4 1480.7 1529.3 1629.9 1681.4 1733 1784 1835.1 1887.5 1941 1995.4 2050.4 2109 2168.9 2231 2294.4 2360.9 2429.3 2501.4 2576.1 2654.1 2734.4 2816.6 2984.2 3066.6 3148.6 3229.6 3309.7 3387.7 3463.4 3535.1 3603.4 3668 3727.2 3782.2 3830.6 3875.4 3914 3949.5 3980 4007.2 4028.5 4046.4 4060.2 4075.1 4183.8 4183.6
562.84 580.44 602.72 626.9 656.3 686.56 722.53 759.43 800.93 843.09 928.98 970.04 999.19 1034.4 1065.3 1095.1 1121.4 1147.6 1171 1194.3 1216.4 1239.4 1263.6 1289.1 1315.7 1346.6 1379.7 1419.9 1461.9 1509.8 1609.2 1660.7 1713.4 1765.2 1817.5 1871.3 1926.3 1982.3 2039.2 2099.8 2161.7 2225.9 2291.2 2359.2 2429.3 2503.5 2580.5 2661 2744.1 2829.4 2916.3 3089.7 3175.1 3259.5 3343.1 3424.9 3504.6 3580.7 3653.3 3722 3785.4 3844.5 3896.9 3945.4 3987.8 4027 4061.2 4092 4117.1 4139 4157 4180.1 4183.8 4299.2
559.48 577.03 599.07 622.95 651.95 681.83 717.57 754.18 795.06 836.62 921.35 961.9 999.19 1025.5 1056.4 1086.2 1112.5 1138.6 1161.5 1184.4 1206.3 1228.9 1252.7 1277.3 1302.8 1332.3 1363.7 1402.4 1442.9 1489.8 1587.9 1639 1692.1 1745.3 1799.3 1854.7 1911.3 1969.1 2027.9 2090.7 2154.7 2221 2288.4 2358 2429.9 2506.3 2585.8 2668.9 2754.9 2843.3 2933.5 3113.9 3202.8 3290.7 3377.9 3463.6 3547.3 3627.9 3705 3777.9 3845.6 3909.1 3965.5 4018 4064.4 4107.6 4145.6 4180.2 4209.2 4235 4257.3 4275 4295.8 4413.8
556.27 573.71 595.54 619.12 647.64 677.04 712.53 748.83 789.08 830.01 913.58 953.71 990.66 1025.5 1047.3 1077.3 1103.4 1129.1 1152 1174.8 1196.4 1218.6 1241.3 1264.9 1289.6 1318.2 1348.7 1386 1425 1470.4 1516.7 1616.9 1670.6 1724.9 1780.2 1837.2 1895.6 1955.8 2017 2082.6 2149.7 2218.8 2289 2361.4 2436 2514.8 2596.8 2682.7 2771.6 2862.8 2955.9 3142.9 3235.8 3328.3 3420 3509.7 3597.5 3682.3 3763.2 3839.9 3911.5 3979.1 4039.9 4096.8 4147 4193.8 4235.4 4273.4 4306 4335.1 4359.9 4380.6 4407.6 4413.8
553.75 571.12 592.65 615.8 643.78 672.66 707.45 743.12 782.9 823.26 864.69 945.13 981.8 1016.3 1047.3 1068.1 1093.8 1119.1 1141.9 1164.7 1185.7 1207.5 1229.1 1251.8 1275.9 1303.9 1333.4 1369 1406.5 1450.5 1495.5 1594.5 1648.7 1703.9 1760.7 1819.4 1879.9 1942.7 2006.6 2075.4 2145.7 2217.9 2291 2366.4 2443.8 2524.9 2609.5 2698.2 2790.1 2884.3 2980.4 3077.3 3271 3368.1 3464.4 3558.3 3650.4 3739.5 3824.6 3905.3 3981.2 4053.2 4118.5 4179.8 4233.9 4284.4 4329.4 4370.7 4406.6 4438.5 4465.8 4489.1 4521.6 4530.4
551.26 568.51 589.69 612.38 639.82 668.15 702.23 737.23 776.44 816.13 856.66 935.65 972.04 1006.7 1037.8 1068.1 1083.4 1108.4 1130.8 1152.9 1173.3 1194.2 1215.5 1237.8 1261.2 1288.3 1316.9 1351.1 1387 1429.9 1473.9 1522.3 1626.3 1682.2 1740.8 1801.8 1865 1930.9 1998.3 2071.1 2145.2 2221.2 2298 2376.5 2456.9 2540.7 2627.9 2719.2 2814 2911.4 3011 3111.6 3313.1 3414.7 3515.4 3614.2 3711 3804.5 3894.1 3979.4 4059.9 4136.5 4206.2 4271.7 4329.3 4383 4430.4 4473.9 4511.8 4545.6 4574.8 4599.5 4619.8 4646
549.04 566.04 586.75 608.87 635.69 663.38 696.76 731.03 769.38 808.2 847.82 925.19 961.45 996.38 1027.6 1057.9 1083.4 1096.9 1118.8 1140.4 1160.2 1180.5 1201.4 1223 1245.4 1271.2 1298.7 1331.6 1366.1 1407.8 1450.8 1499 1603.1 1660.1 1720.8 1784.6 1851 1920.8 1992 2068.9 2147 2226.9 2307.5 2389.4 2473 2559.5 2649.5 2743.8 2841.7 2942.3 3045.8 3150.7 3361.8 3468.3 3574 3677.6 3779.1 3877 3971 4060.7 4145.9 4227.3 4301.7 4371.9 4433.2 4490.3 4540 4585.5 4625 4660.1 4690.2 4715.7 4736.4 4764
546.97 563.8 584.01 605.49 631.63 658.66 691.32 724.82 762.29 800.17 838.81 876.97 950.55 985.46 1016.7 1046.8 1072.1 1096.9 1105.7 1126.9 1146.2 1166 1186.7 1207.6 1228.6 1252.8 1278.7 1310.2 1343.4 1383.8 1425.7 1473.8 1579.3 1637.7 1700.7 1767.9 1838.6 1913.2 1989.1 2070.3 2152.3 2236.4 2321.2 2406.7 2493.9 2583.3 2676.4 2774 2875.2 2979 3087.1 3197.1 3308.6 3532.5 3643.7 3752.2 3858.2 3960.3 4058.5 4152.5 4242.3 4328.5 4408 4483.3 4548.6 4609.5 4661.2 4708.4 4748.6 4784.1 4814 4838.9 4858.4 4883.2
545.19 561.97 581.63 602.39 627.77 654.1 685.98 718.67 755.24 792.12 829.63 866.9 939.25 973.62 1004.6 1034.6 1059.7 1084.2 1105.7 1112.5 1131.4 1150.7 1170.9 1191 1210.9 1233.8 1258.2 1288.6 1320.7 1360.1 1401 1448.8 1499 1615.6 1681.5 1752.9 1828.8 1909.1 1990.5 2075.9 2161.6 2249.6 2338.4 2427.5 2518.2 2611.1 2707.9 2809.4 2914.7 3023 3135.5 3249.9 3366.4 3599.8 3715.4 3827.7 3937.8 4044 4147 4246 4340.7 4431.8 4516.1 4596.2 4665.7 4730.6 4785.3 4835.2 4877.4 4914.1 4944.1 4968.1 4986.1 4995.3
543.2 559.74 578.96 599.2 623.94 649.58 680.54 712.28 747.81 783.64 820.06 856.4 927.39 961.26 991.94 1021.7 1046.5 1070.6 1091.7 1097.4 1116 1134.8 1154 1173.3 1192.7 1214.4 1237.5 1267.1 1298.6 1337.1 1377 1423.9 1473.6 1593.1 1662.7 1738.8 1820.3 1907.2 1995.4 2084 2173.1 2264.8 2357.7 2450.2 2544.5 2641.1 2741.9 2847.8 2958.1 3071.8 3188.6 3307 3427.5 3548.2 3787.7 3903 4016.7 4127.2 4235.1 4339.7 4439.7 4535.8 4624.9 4709.8 4783.8 4853.1 4911.8 4965.4 5010.3 5048.5 5074.5 5097.5 5113.6 5120.3
541.03 557.16 576.03 595.94 620.11 645.08 675 705.69 740.07 774.78 810.16 845.52 880.89 948.42 978.8 1008.3 1032.6 1056.3 1076.9 1097.4 1100 1118.5 1137 1155.3 1173.6 1194.3 1216.4 1244.5 1274.4 1312.3 1351.8 1399.2 1449.1 1570.8 1645.2 1726.6 1813.3 1905.6 1999.6 2092.3 2185.9 2281.7 2378.7 2476.2 2575.8 2678 2783.8 2893.9 3008.1 3125.7 3246 3367.9 3491.7 3615.6 3861.2 3980 4097.6 4212.5 4325.4 4435.5 4540.9 4642.4 4736.2 4825.7 4904.5 4978.7 5041.8 5098.7 5145.4 5181.2 5207.5 5229.9 5245 5249.8
538.72 554.49 572.99 592.53 616.07 640.33 669.17 698.77 732.04 765.65 799.94 834.33 868.83 934.99 964.83 993.82 1017.6 1040.8 1061.2 1081.5 1100 1102.1 1119.9 1137.2 1154.2 1173.9 1195.1 1221.4 1249.3 1286.8 1326.2 1374.7 1425.4 1482.4 1628.5 1715 1805.6 1901.1 1997.7 2097 2196.5 2296.6 2398 2501.1 2606.6 2715.2 2826.5 2940.8 3058.4 3179 3302.6 3427.8 3554.5 3681.3 3932.3 4054.6 4176.2 4295.5 4413.4 4529.2 4640.3 4747.7 4846.5 4940.7 5025.2 5104.8 5172 5230 5277.6 5314.2 5340.8 5363 5377.8 5381.1
