rfgrid_mm_maui_ann.asc
ncols         350
nrows         330
xllcorner     735033.781633
yllcorner     2251112.087301
cellsize      245.729
NODATA_value  -9999
[rows 66 to 98 of 330, columns 0 to 73 of 350]
-9999 -9999 -9999 -9999 -9999 -9999 -9999 -9999 -9999 -9999 -9999 -9999 -9999 -9999 -9999 -9999 -9999 433.8 441.32 450.05 458.68 470.13 482.01 497.65 514.02 533.54 555.24 581.62 646.19 686.2 729.51 779.86 832.08 895.76 961.42 1038.4 1119.2 1211 1307.1 1409.7 1517.8 1630.9 1748.1 1868.1 1990.8 2115.7 2241.3 2371.7 2514.1 2818 2978.8 3145.7 3316.8 3490.5 3667.5 3843.8 4005.7 4160.4 4299.4 4429 4539.4 4638.2 4719.8 4787 4837.4 4868.8 4883.1 4874.1 4847.7 4731.4 4643.8 4540.5 4419.7 4286.5
-9999 -9999 -9999 -9999 -9999 -9999 -9999 -9999 -9999 -9999 -9999 -9999 -9999 -9999 -9999 -9999 -9999 -9999 437.12 445.15 453.17 464.51 476.25 491.5 507.46 526.6 547.9 573.54 603.15 676 718.98 769.28 821.52 885.28 950.99 1028.2 1109 1200.7 1296.3 1397.9 1504.7 1616.3 1732.5 1851.8 1974.7 2100.4 2231.7 2367.8 2517.1 2837.7 3008.9 3187.7 3374 3563.7 3753.7 3941.9 4116 4282.6 4430 4567 4683.4 4787.3 4873.5 4945.8 5001.7 5038 5055.6 5048.5 5022.5 4901.6 4808.3 4697 4567.5 4425.5
-9999 -9999 -9999 -9999 -9999 -9999 -9999 -9999 -9999 -9999 -9999 -9999 -9999 -9999 -9999 -9999 -9999 -9999 432.65 440.41 448.3 459.18 470.36 485.09 500.63 519.15 539.66 564.38 593.01 664.29 706.69 756.61 808.52 872.16 937.73 1014.8 1095.2 1185.9 1280.8 1382 1487.8 1598.1 1713 1831.4 1954.3 2080.5 2215.5 2356.3 2514 2850.9 3034.6 3228.4 3429.7 3634.8 3840.7 4044.2 4230.2 4407.5 4565.2 4711.1 4833.9 4942.9 5033.6 5112.1 5173.2 5215.9 5238.3 5232.2 5205.1 5078.6 4978.6 4857.4 4718 4566.1
-9999 -9999 -9999 -9999 -9999 -9999 -9999 -9999 -9999 -9999 -9999 -9999 -9999 -9999 -9999 -9999 -9999 421.57 428.15 435.64 443.33 453.71 464.28 478.28 492.94 510.81 530.69 554.56 582.29 651.85 693.46 742.84 794.31 857.43 922.49 999.14 1079 1168.8 1263 1363.4 1468.3 1577.3 1691.1 1808.5 1931.4 2058 2196.6 2341.7 2506.8 2677.1 3056.1 3265.2 3482.2 3703.9 3926.4 4145.4 4345.6 4536.4 4705.4 4860.9 4987.2 5098.6 5191.9 5278.9 5349.9 5401.5 5429 5424 5395.5 5339.2 5152.5 5019.4 4869.3 4707
-9999 -9999 -9999 -9999 -9999 -9999 -9999 -9999 -9999 -9999 -9999 -9999 -9999 -9999 -9999 -9999 -9999 417.41 423.62 430.79 438.2 447.98 457.9 470.85 484.43 501.51 520.65 543.66 570.43 600.96 678.25 726.78 777.53 839.37 903.23 979 1058.1 1147.2 1240.4 1339.6 1443.6 1552.1 1665 1781.4 1904.3 2031.3 2173.7 2323.1 2492.6 2670.9 3073.6 3294.9 3528.6 3769.7 4008.7 4243.6 4462.7 4672.2 4852.4 5017.1 5148.4 5259.1 5347.3 5449.8 5537.3 5599 5630.6 5625.2 5593.2 5530.2 5324.6 5183.5 5020.7 4847.6
-9999 -9999 -9999 -9999 -9999 -9999 -9999 -9999 -9999 -9999 -9999 -9999 -9999 -9999 -9999 -9999 -9999 413.02 418.85 425.61 432.6 441.67 450.97 462.74 475.29 491.57 509.9 531.99 557.76 587.21 662.02 709.28 758.64 819.28 881.95 956.61 1034.6 1122.5 1214.4 1312.3 1415 1522.5 1634.2 1749.4 1872.2 1999.5 2145 2298 2471.4 2656.2 3081.4 3317.4 3570 3832.7 4091.1 4344.8 4582.9 4811.5 5005.9 5183.7 5324.9 5441.4 5524.5 5646.6 5746.5 5813.6 5845.5 5836.7 5797.9 5724.6 5495.3 5344.3 5170.9 4985.1
-9999 -9999 -9999 -9999 -9999 -9999 -9999 -9999 -9999 -9999 -9999 -9999 -9999 -9999 -9999 -9999 -9999 -9999 413.81 420.09 426.53 434.74 442.99 453.86 465.47 480.98 498.44 519.52 544.2 572.49 644.69 690.28 737.87 797.17 858.54 931.88 1008.4 1094.7 1185 1281.3 1382.2 1487.7 1597.8 1711.6 1834.2 1961.7 2109.3 2264.9 2442.6 2632.8 3077.8 3331.7 3605.6 3893.2 4174.5 4450 4707.2 4953.4 5166.6 5362.7 5522.3 5660.9 5777.1 5892.3 5985.4 6049 6076 6060.1 6011.2 5925 5811.2 5502.8 5317.5 5119.1
-9999 -9999 -9999 -9999 -9999 -9999 -9999 -9999 -9999 -9999 -9999 -9999 -9999 -9999 -9999 -9999 -9999 -9999 -9999 413.91 419.77 427.23 434.73 444.72 455.47 469.99 486.43 506.48 530.01 557.04 626.25 670.15 715.97 773.44 832.89 904.13 978.44 1062.5 1150.8 1245.1 1343.9 1447.1 1555.1 1667.1 1788.6 1915.4 2063.6 2220.4 2401.4 2597.6 2820.6 3336.5 3630.9 3941.5 4245.6 4545.9 4824.7 5092.9 5328.7 5547.8 5732.1 5896.5 6034.4 6154.1 6243.6 6300 6318 6291.6 6229.8 6128.2 5997.9 5656 5455.8 5243.2
-9999 -9999 -9999 -9999 -9999 -9999 -9999 -9999 -9999 -9999 -9999 -9999 -9999 -9999 -9999 -9999 -9999 -9999 -9999 -9999 412.65 419.47 426.34 435.52 445.42 458.78 474.09 493.1 515.44 541.14 572.6 649.38 693.43 748.91 806.2 874.65 946.07 1027.4 1113.6 1205.7 1302.2 1403.2 1508.9 1618.8 1738.4 1863.6 2011 2167.6 2351 2553 2787.8 3334.9 3649 3980.9 4309.3 4634 4937.2 5231 5492 5737.1 5948.4 6138 6294.6 6423.5 6514.4 6564.8 6572.1 6532.7 6454.9 6335.1 6185.5 5804.7 5586.9 5358.3
-9999 -9999 -9999 -9999 -9999 -9999 -9999 -9999 -9999 -9999 -9999 -9999 -9999 -9999 -9999 -9999 -9999 -9999 -9999 -9999 -9999 410.97 417.27 425.76 434.94 447.3 461.56 479.51 500.6 524.82 554.39 626.92 668.98 721.94 776.59 841.79 909.82 987.74 1071.8 1161.4 1255.2 1353.1 1456 1563.3 1680.8 1804.1 1950.7 2106.4 2290.9 2495.1 2735.4 3312 3647.1 4002.7 4355.3 4705.3 5034.3 5355.2 5643.2 5916.5 6156.1 6372.3 6550.6 6693 6789.1 6836.2 6833.1 6777.9 6680 6538.3 6366.1 6163.3 5705.2 5459.5
-9999 -9999 -9999 -9999 -9999 -9999 -9999 -9999 -9999 -9999 -9999 -9999 -9999 -9999 -9999 -9999 -9999 -9999 -9999 -9999 -9999 -9999 408 415.85 424.34 435.79 449.09 465.93 485.71 508.41 535.99 604.07 644.11 694.41 746.34 808.48 873.88 949.78 1030.3 1116.8 1207.3 1301.7 1401.5 1506 1621.5 1742.8 1888.8 2043.6 2227.3 2429.9 2673 2958.2 3637.6 4016.1 4392 4766.4 5121.1 5469.5 5785.4 6089.2 6357.7 6602.2 6805.6 6966.2 7072 7118.7 7105.2 7031.3 6908.9 6741 6542.3 6314.4 5813.4 5549.5
-9999 -9999 -9999 -9999 -9999 -9999 -9999 -9999 -9999 -9999 -9999 -9999 -9999 -9999 -9999 -9999 -9999 -9999 -9999 -9999 -9999 -9999 398.54 405.9 413.84 424.43 436.79 452.52 470.97 492.13 517.86 546.01 617.94 664.37 712.51 772.97 836.78 909.24 985.75 1068.4 1155.2 1246.3 1342.6 1443.6 1555.4 1673.3 1817 1969.3 2149.6 2343.6 2593.7 2895.8 3606.8 4003.5 4401.3 4800.1 5179.8 5555 5899.3 6233.8 6534 6810.8 7044.7 7231.1 7354.2 7405.4 7382.2 7285.9 7133.5 6932.1 6700.7 6443.4 5895 5612.2
-9999 -9999 -9999 -9999 -9999 -9999 -9999 -9999 -9999 -9999 -9999 -9999 -9999 -9999 -9999 -9999 -9999 -9999 -9999 -9999 -9999 -9999 -9999 396.02 403.42 413.14 424.56 439.2 456.34 475.97 499.91 526.12 592.34 635.22 679.86 738.13 799.86 868.77 941.47 1020.1 1102.9 1190.3 1283 1380.7 1489.6 1605.3 1747.8 1899.9 2081.4 2280.1 2533.3 2840.2 3571.6 3982.9 4399.6 4820.1 5222.7 5622.9 5995 6360.3 6693.7 7006.6 7277.9 7499.9 7650 7710.7 7674.3 7547.1 7355.5 7112.9 6844.5 6555.6 6259.2 5657.9
-9999 -9999 -9999 -9999 -9999 -9999 -9999 -9999 -9999 -9999 -9999 -9999 -9999 -9999 -9999 -9999 -9999 -9999 -9999 -9999 -9999 -9999 380.32 386.62 393.39 402.38 412.93 426.46 442.39 460.74 483.04 507.45 570.52 611.63 654.24 707.66 764.16 828.75 896.82 970.29 1048.3 1131.2 1220 1314.4 1421.5 1536.2 1678 1831.1 2015.4 2222.7 2474.1 2774.4 3121 3935.9 4367.5 4804.9 5226.1 5647.7 6044.5 6439 6808.1 7162.4 7481.5 7755.9 7953.2 8030.6 7968.4 7793.6 7548.8 7259.4 6953.4 6633.3 6311.9 5672.7
-9999 -9999 -9999 -9999 -9999 -9999 -9999 -9999 -9999 -9999 -9999 -9999 -9999 -9999 -9999 -9999 -9999 -9999 -9999 -9999 -9999 -9999 371.75 377.44 383.57 391.83 401.51 413.95 428.68 445.71 466.44 489.13 518.06 587.69 628.05 676.84 728.53 788.76 852.24 920.76 994.11 1072.8 1157.8 1249.3 1354.2 1467.5 1607.9 1761.2 1947.2 2157.6 2409.1 2706.2 3051 3876.1 4319.4 4770.6 5207.2 5646.5 6064 6483.8 6884.9 7280 7654.2 8001.6 8281.7 8394.2 8281.3 8027.5 7709 7368.2 7024.9 6676.7 6333.7 5662.7
-9999 -9999 -9999 -9999 -9999 -9999 -9999 -9999 -9999 -9999 -9999 -9999 -9999 -9999 -9999 -9999 -9999 -9999 -9999 -9999 -9999 -9999 364.02 369.03 374.47 381.95 390.78 402.25 415.83 431.56 450.95 472.29 499.06 562.97 600 645.47 693.56 749.44 808.44 872.3 940.91 1014.8 1095.6 1183.3 1285.5 1396.6 1533.4 1684.2 1868.5 2077.7 2327.2 2620.3 2960.2 3786.7 4236.6 4697 5143.7 5594.9 6028.3 6466.8 6891.1 7319.5 7745.6 8185.1 8615.3 8823.4 8581.3 8190.1 7793.5 7405.5 7032.2 6665.3 6308.9 5959.8
-9999 -9999 -9999 -9999 -9999 -9999 -9999 -9999 -9999 -9999 -9999 -9999 -9999 -9999 -9999 -9999 -9999 -9999 -9999 -9999 -9999 -9999 364.02 361.07 365.88 372.51 380.46 390.99 403.47 417.92 435.83 455.6 480.22 538.7 572.57 614.64 659.13 710.83 765.45 824.67 888.56 957.81 1034.2 1118 1216.2 1323.6 1455.9 1603 1782.8 1987.8 2232.6 2519.7 2852.1 3241.4 4127.3 4593.8 5046.8 5505 5946.8 6394.9 6830.9 7275.5 7727.5 8219.1 8787.5 9296.2 8706.5 8211.5 7772.2 7362.2 6975.6 6602.2 6241.3 5888.4
-9999 -9999 -9999 -9999 -9999 -9999 -9999 -9999 -9999 -9999 -9999 -9999 -9999 -9999 -9999 -9999 -9999 -9999 -9999 -9999 -9999 -9999 356.61 361.07 358.23 363.86 370.86 380.52 391.96 405.18 421.43 439.32 461.87 485.57 546.43 585.01 625.93 673.83 724.25 778.75 838 902.74 974.8 1054.1 1147 1249.4 1375.6 1516.8 1689.1 1886.6 2122.5 2399.5 2719.9 3101.3 3981.3 4449.9 4905.4 5365.3 5807.3 6254.6 6689 7127.9 7565.6 8021 8472.7 8692.9 8433.6 8025.6 7617.4 7222.9 6845.5 6479.9 6125 5776.7
-9999 -9999 -9999 -9999 -9999 -9999 -9999 -9999 -9999 -9999 -9999 -9999 -9999 -9999 -9999 -9999 -9999 -9999 -9999 -9999 -9999 346.45 349.77 353.9 358.23 355.87 362.08 370.8 381.17 393.17 407.9 424.11 444.68 466.31 521.8 556.83 594.16 638.32 684.91 735.46 790.36 850.47 917.65 991.86 1079.2 1176.3 1295.5 1429.2 1591.5 1778.5 2002.3 2266.9 2574.1 2943.7 3805.8 4269.4 4724 5181.8 5618.7 6057.4 6476.8 6891.1 7285.3 7654.1 7956.5 8077.4 7965 7686.1 7352.4 7001 6650.9 6305.7 5965.8 5629.3
-9999 -9999 -9999 -9999 -9999 -9999 -9999 -9999 -9999 -9999 -9999 -9999 -9999 -9999 -9999 -9999 -9999 -9999 -9999 -9999 -9999 340.06 343.19 347 350.92 355.87 354.11 361.78 371.07 381.85 395.2 409.96 428.66 448.28 498.74 530.11 563.91 604.44 647.53 694.92 745.77 801.19 863.16 931.98 1013.7 1104.9 1215.8 1340.5 1491.1 1664.2 1872 2122.2 2417.9 2772.5 3169.7 4056 4507 4959.9 5388.2 5812.5 6207.6 6587.1 6929.6 7226.5 7443.1 7527.2 7464.2 7273.7 7016.8 6716.9 6403.3 6086.6 5768.6 5449.7
-9999 -9999 -9999 -9999 -9999 -9999 -9999 -9999 -9999 -9999 -9999 -9999 -9999 -9999 -9999 -9999 -9999 -9999 -9999 -9999 -9999 333.85 336.86 340.36 343.95 348.51 354.11 353.19 361.45 371.11 383.29 396.86 414.03 432.04 454.82 506.33 537.07 573.89 613.21 656.83 703.66 755.07 812.66 877.02 953.29 1038.4 1141.1 1255.9 1394.3 1553.1 1745.7 1981.9 2262.4 2598.5 2973.5 3817.2 4259.3 4702.4 5118.5 5525 5893.5 6238 6537 6782.8 6951.1 7019 6982 6845.7 6644.6 6395.2 6122 5836.8 5544.5 5247.4
-9999 -9999 -9999 -9999 -9999 -9999 -9999 -9999 -9999 -9999 -9999 -9999 -9999 -9999 -9999 -9999 -9999 -9999 -9999 -9999 -9999 328.21 330.96 334.12 337.38 341.56 346.55 353.19 351.92 360.59 371.76 384.3 400.17 416.8 437.76 484.91 512.48 545.53 580.99 620.45 663.17 711.17 764.76 825.19 896.47 975.73 1071.2 1176.5 1301.3 1442.6 1618.3 1843.3 2108.9 2424 2772.8 3562.2 3992.1 4422.4 4824.6 5212 5553.8 5869.3 6132.2 6342.5 6481.9 6542.6 6523.2 6422.5 6262 6055.8 5821.2 5567.5 5302.1 5028.9
-9999 -9999 -9999 -9999 -9999 -9999 -9999 -9999 -9999 -9999 -9999 -9999 -9999 -9999 -9999 -9999 -9999 -9999 -9999 -9999 -9999 -9999 325.28 328.07 330.99 334.78 339.16 344.77 351.92 350.73 360.77 372.27 387.01 402.51 421.97 465.51 490.61 520.6 552.81 588.67 627.57 671.53 721.29 778.53 846.02 920.82 1009.7 1106.7 1219.6 1342.7 1490.3 1720.9 1980.9 2276.6 2598.1 2957.4 3741 4150.3 4528.7 4889.3 5203.7 5490.3 5725.2 5910.3 6031.2 6088.7 6081.7 6008 5880.8 5710.9 5511.3 5287.1 5049.1 4803.7
-9999 -9999 -9999 -9999 -9999 -9999 -9999 -9999 -9999 -9999 -9999 -9999 -9999 -9999 -9999 -9999 -9999 -9999 -9999 -9999 -9999 -9999 -9999 322.39 324.97 328.36 332.24 337.18 343.38 350.73 349.9 360.36 374.02 388.45 406.5 446.63 469.56 496.92 526.38 559.4 595.05 634.25 679.75 735.01 799.58 870.75 954.02 1045.1 1151.6 1270.5 1421.2 1629 1871.1 2140 2429.1 2757.5 3488.5 3874.2 4226.2 4562.3 4851.1 5112.4 5325.4 5492.4 5600.9 5657.6 5660.5 5608.4 5508.4 5368.7 5199.2 5000.8 4790.6 4573.3
-9999 -9999 -9999 -9999 -9999 -9999 -9999 -9999 -9999 -9999 -9999 -9999 -9999 -9999 -9999 -9999 -9999 -9999 -9999 -9999 -9999 -9999 -9999 -9999 319.01 322 325.4 329.74 334.94 341 349.9 349.11 361.45 374.65 391.42 408.46 449.57 474.81 501.98 532.4 565.74 602.28 644.7 699.19 761.52 829.98 909.06 996.25 1099.4 1219.2 1370.8 1557.8 1776.6 2021.5 2285.1 2593.2 3275 3626.7 3949.2 4254.9 4517.5 4754.2 4947.6 5100.2 5200.9 5257.5 5267.7 5233.2 5155.7 5039.3 4894 4719.2 4534.1 4343.8
-9999 -9999 -9999 -9999 -9999 -9999 -9999 -9999 -9999 -9999 -9999 -9999 -9999 -9999 -9999 -9999 -9999 -9999 -9999 -9999 -9999 -9999 -9999 -9999 -9999 316.04 319.01 322.74 327.25 332.61 340.23 349.11 349.04 360.89 376.29 391.94 429.78 453.12 478.21 506.29 538.12 574.21 617.22 668.14 727.53 793.34 868.64 952.45 1052.2 1169.3 1314.9 1487.3 1686.6 1907.9 2146.3 2428.5 3061.8 3381.2 3676.2 3953.5 4193 4408.2 4585.3 4726.6 4821.7 4879 4895.9 4876.5 4818.3 4721.9 4597.1 4441.5 4275.6 4111.6
-9999 -9999 -9999 -9999 -9999 -9999 -9999 -9999 -9999 -9999 -9999 -9999 -9999 -9999 -9999 -9999 -9999 -9999 -9999 -9999 -9999 -9999 -9999 -9999 -9999 310.15 312.68 315.84 319.72 324.4 330.77 338.09 349.04 348.28 362.3 376.64 411.9 433.38 456.46 482.3 512.44 547.34 589.84 638.97 697.31 762.08 834.22 914.83 1010.6 1122.4 1258.5 1417.2 1599.7 1802.4 2020.9 2276 2562.4 3150.2 3422 3675.2 3896.4 4093.7 4255.9 4385.9 4474.5 4532.1 4555.4 4547.7 4504.6 4426.8 4321.8 4184.1 4028.2 3888.8
-9999 -9999 -9999 -9999 -9999 -9999 -9999 -9999 -9999 -9999 -9999 -9999 -9999 -9999 -9999 -9999 -9999 -9999 -9999 -9999 -9999 -9999 -9999 -9999 -9999 -9999 306.78 309.48 312.87 316.99 322.6 329.03 338.3 348.28 348.95 361.86 377.81 414.24 435.4 459.11 487.27 520.4 561.87 609.41 667.49 731.69 800.95 878.08 968.73 1073.6 1199.2 1345.1 1512.7 1699.2 1900.6 2129.4 2385.9 2926.4 3176.7 3408 3612.6 3793.6 3942.6 4062.8 4146.4 4204.8 4234.1 4237.7 4209.2 4150.7 4068.1 3957.6 3836.2 3729.3
-9999 -9999 -9999 -9999 -9999 -9999 -9999 -9999 -9999 -9999 -9999 -9999 -9999 -9999 -9999 -9999 -9999 -9999 -9999 -9999 -9999 -9999 -9999 -9999 -9999 -9999 -9999 303.28 306.2 309.83 314.71 320.29 328.08 336.4 348.95 348.61 363.38 397.07 416.68 438.64 464.13 494.31 533.22 577.64 636.09 700.5 767.99 842.27 927.23 1024.6 1139.9 1273 1426.1 1598.4 1787.2 2002 2235.6 2720.6 2951.2 3162.8 3350.7 3515.7 3652.5 3764 3843.7 3902.8 3937.6 3951.1 3936.6 3898.5 3841.1 3764.2 3684.8 3610.2
-9999 -9999 -9999 -9999 -9999 -9999 -9999 -9999 -9999 -9999 -9999 -9999 -9999 -9999 -9999 -9999 -9999 -9999 -9999 -9999 -9999 -9999 -9999 -9999 -9999 -9999 -9999 -9999 300.02 303.32 307.65 312.58 319.48 326.86 337.55 348.61 350.06 381.02 399.29 419.93 443.42 470.4 505.91 546.62 604.2 667.53 734.06 805.95 884.87 974.24 1079 1199.5 1339.1 1499.1 1677.4 1878.8 2094 2315 2740.9 2933.2 3104.4 3253 3377.4 3480.4 3556.8 3616.8 3656.9 3680.7 3680.7 3663.6 3632 3587.7 3541.9 3499.4
-9999 -9999 -9999 -9999 -9999 -9999 -9999 -9999 -9999 -9999 -9999 -9999 -9999 -9999 -9999 -9999 -9999 -9999 -9999 -9999 -9999 -9999 -9999 -9999 -9999 -9999 -9999 -9999 294.22 297.15 300.97 305.32 311.46 318.05 327.21 336.71 350.06 351.12 383.95 403.79 425.4 449.12 480.65 516.91 571.45 631.49 698.45 769.1 842.13 923.55 1017.5 1125.2 1251.5 1400.1 1569 1758.8 1959.9 2163.9 2553.6 2726 2876.3 3007.4 3118.6 3212.9 3286.3 3346.9 3392 3426.2 3440.7 3443.9 3436.4 3422.1 3405.2 3388.9
-9999 -9999 -9999 -9999 -9999 -9999 -9999 -9999 -9999 -9999 -9999 -9999 -9999 -9999 -9999 -9999 -9999 -9999 -9999 -9999 -9999 -9999 -9999 -9999 -9999 -9999 -9999 -9999 -9999 291.5 294.88 298.76 304.29 310.25 318.44 326.92 338.57 351.12 370.4 389.51 410.02 432.12 460.79 493.4 543.7 598.96 664.46 732.42 799.93 873.73 956.72 1050.1 1161.3 1300.2 1462.4 1642.1 1830.8 2021.4 2382.4 2536.2 2665 2775.9 2871.6 2955.7 3028.6 3090.2 3140.3 3180.8 3210.3 3233.9 3249.6 3260.6 3268.9 3276.6
-9999 -9999 -9999 -9999 -9999 -9999 -9999 -9999 -9999 -9999 -9999 -9999 -9999 -9999 -9999 -9999 -9999 -9999 -9999 -9999 -9999 -9999 -9999 -9999 -9999 -9999 -9999 -9999 -9999 -9999 289.15 292.66 297.62 302.92 310.31 318 328.33 339.63 370.4 376.78 396.95 418.87 445.67 475.39 520.41 569.64 632.19 696.44 759.29 826.65 900.09 979.66 1069.3 1204.4 1361.8 1530.4 1706.2 1884.9 2062.8 2362.3 2466.7 2555.8 2635.8 2710.2 2778.8 2840.9 2895.5 2946.2 2989.4 3031.8 3068.1 3101.3 3131.7 3160.6
