Strange_grav_cald_dist.asc
ncols         266
nrows         250
xllcorner     717785.087810
yllcorner     2281365.510433
cellsize      286.545
NODATA_value  -9999
[rows 102 to 135 of 250, columns 152 to 227 of 266]
16691 16855 17022 17193 17366 17543 17722 17904 18089 18276 18466 18658 18853 19050 19250 19451 19655 19861 20068 20278 20489 20703 20918 21135 21353 21573 21794 22017 22242 22468 22695 22924 23153 23385 23617 23850 24085 24321 24558 24796 25035 25274 25515 25757 26000 26244 26488 26733 26979 27226 27474 27722 27972 28221 28472 28723 28975 29228 29481 29734 29989 30244 30499 30755 31012 31269 31526 31785 32043 32302 32562 32822 33082 33343 33604 33866
16456 16622 16792 16964 17140 17319 17500 17685 17872 18061 18254 18448 18645 18845 19046 19250 19456 19663 19873 20085 20298 20513 20730 20949 21169 21391 21615 21840 22066 22293 22522 22753 22984 23217 23451 23686 23923 24160 24398 24638 24878 25120 25362 25605 25849 26094 26340 26587 26834 27083 27332 27581 27832 28083 28335 28587 28840 29094 29348 29603 29858 30114 30371 30628 30886 31144 31402 31662 31921 32181 32442 32703 32964 33226 33488 33750
16222 16391 16563 16738 16916 17097 17281 17467 17657 17849 18043 18240 18439 18641 18845 19050 19258 19468 19680 19894 20109 20327 20545 20766 20988 21212 21437 21664 21892 22122 22352 22584 22818 23052 23288 23525 23762 24001 24241 24482 24724 24967 25211 25456 25701 25948 26195 26443 26692 26941 27192 27443 27694 27947 28200 28453 28707 28962 29218 29474 29730 29987 30245 30503 30762 31021 31281 31541 31801 32062 32324 32586 32848 33111 33374 33637
15990 16161 16336 16513 16694 16877 17063 17252 17444 17638 17835 18034 18236 18439 18645 18853 19063 19275 19489 19705 19923 20142 20363 20585 20810 21035 21262 21491 21721 21952 22185 22418 22653 22890 23127 23365 23605 23845 24087 24329 24573 24817 25062 25309 25556 25803 26052 26301 26551 26802 27054 27306 27559 27813 28067 28322 28577 28833 29090 29347 29604 29863 30121 30381 30640 30900 31161 31422 31684 31946 32208 32471 32734 32997 33261 33526
15760 15934 16110 16290 16473 16659 16848 17039 17233 17430 17629 17830 18034 18240 18448 18658 18871 19085 19301 19519 19738 19960 20183 20407 20633 20861 21090 21320 21552 21785 22019 22255 22491 22729 22968 23208 23449 23692 23935 24179 24424 24670 24916 25164 25412 25661 25911 26162 26413 26666 26918 27172 27426 27681 27936 28192 28449 28706 28964 29222 29481 29740 30000 30260 30521 30782 31044 31306 31568 31831 32094 32358 32622 32887 33151 33417
15532 15708 15887 16070 16255 16443 16634 16828 17025 17224 17425 17629 17835 18043 18254 18466 18680 18897 19115 19335 19557 19780 20005 20231 20459 20689 20920 21152 21386 21620 21856 22094 22332 22572 22812 23054 23297 23540 23785 24031 24277 24524 24772 25021 25271 25522 25773 26025 26278 26531 26785 27040 27296 27552 27808 28065 28323 28581 28840 29099 29359 29620 29880 30142 30403 30666 30928 31191 31455 31719 31983 32247 32512 32778 33043 33310
15305 15484 15666 15851 16039 16230 16423 16620 16818 17020 17224 17430 17638 17849 18061 18276 18493 18711 18931 19154 19377 19603 19830 20058 20288 20519 20752 20986 21222 21458 21696 21935 22175 22417 22659 22902 23146 23392 23638 23885 24133 24382 24631 24882 25133 25385 25637 25891 26145 26399 26655 26911 27167 27425 27682 27941 28200 28459 28719 28979 29240 29502 29763 30026 30288 30552 30815 31079 31344 31608 31874 32139 32405 32671 32938 33205
15081 15262 15447 15634 15825 16018 16214 16413 16615 16818 17025 17233 17444 17657 17872 18089 18308 18528 18751 18975 19201 19428 19657 19888 20119 20353 20587 20823 21061 21299 21539 21779 22021 22264 22508 22753 22999 23245 23493 23742 23991 24241 24492 24744 24997 25250 25504 25759 26014 26270 26527 26784 27042 27300 27559 27818 28078 28339 28600 28861 29123 29386 29649 29912 30176 30440 30704 30969 31235 31500 31766 32033 32300 32567 32834 33102
14859 15043 15230 15420 15613 15809 16008 16209 16413 16620 16828 17039 17252 17467 17685 17904 18125 18348 18572 18799 19027 19256 19487 19720 19953 20189 20425 20663 20902 21142 21384 21626 21870 22114 22360 22606 22854 23102 23351 23601 23852 24104 24356 24610 24863 25118 25373 25629 25886 26143 26401 26659 26918 27178 27438 27699 27960 28221 28483 28746 29009 29272 29536 29801 30065 30330 30596 30862 31128 31395 31662 31929 32196 32464 32733 33001
14639 14826 15016 15208 15404 15603 15804 16008 16214 16423 16634 16848 17063 17281 17500 17722 17945 18170 18397 18625 18855 19087 19320 19554 19790 20027 20266 20505 20746 20988 21231 21476 21721 21967 22214 22462 22711 22961 23212 23463 23716 23969 24223 24477 24733 24989 25245 25502 25760 26019 26278 26538 26798 27058 27320 27581 27844 28106 28369 28633 28897 29161 29426 29692 29957 30223 30490 30757 31024 31291 31559 31827 32096 32364 32633 32903
14421 14611 14804 14999 15198 15399 15603 15809 16018 16230 16443 16659 16877 17097 17319 17543 17768 17995 18224 18455 18687 18921 19156 19392 19630 19869 20109 20351 20593 20837 21082 21328 21575 21823 22071 22321 22572 22823 23075 23328 23582 23837 24092 24348 24605 24862 25120 25378 25637 25897 26157 26418 26679 26941 27204 27466 27730 27994 28258 28522 28787 29053 29319 29585 29852 30119 30386 30654 30922 31190 31459 31728 31997 32267 32536 32807
14206 14399 14594 14792 14994 15198 15404 15613 15825 16039 16255 16473 16694 16916 17140 17366 17594 17823 18055 18287 18522 18757 18994 19233 19472 19713 19956 20199 20443 20689 20935 21183 21432 21681 21931 22183 22435 22688 22941 23196 23451 23707 23964 24221 24479 24738 24997 25257 25517 25778 26039 26301 26564 26827 27090 27354 27619 27883 28149 28414 28680 28947 29214 29481 29748 30016 30284 30553 30822 31091 31361 31630 31901 32171 32442 32713
13994 14189 14387 14588 14792 14999 15208 15420 15634 15851 16070 16290 16513 16738 16964 17193 17423 17655 17888 18123 18359 18597 18836 19076 19318 19561 19805 20050 20296 20543 20792 21041 21291 21542 21794 22047 22301 22555 22810 23066 23323 23580 23838 24097 24356 24616 24877 25138 25399 25661 25924 26187 26451 26715 26979 27244 27510 27776 28042 28309 28576 28843 29111 29379 29647 29916 30185 30455 30725 30995 31265 31536 31806 32078 32349 32621
13784 13982 14183 14387 14594 14804 15016 15230 15447 15666 15887 16110 16336 16563 16792 17022 17255 17489 17724 17961 18200 18439 18680 18923 19166 19411 19657 19904 20152 20401 20651 20902 21154 21407 21660 21915 22170 22426 22682 22940 23198 23456 23716 23976 24236 24497 24759 25021 25284 25548 25811 26076 26340 26606 26871 27137 27404 27671 27938 28205 28473 28742 29010 29280 29549 29819 30089 30359 30629 30900 31172 31443 31715 31987 32259 32531
13577 13778 13982 14189 14399 14611 14826 15043 15262 15484 15708 15934 16161 16391 16622 16855 17090 17326 17564 17803 18043 18285 18528 18773 19018 19265 19512 19761 20011 20262 20513 20766 21020 21274 21529 21785 22042 22299 22557 22816 23075 23335 23596 23857 24119 24382 24645 24908 25172 25436 25701 25967 26233 26499 26765 27033 27300 27568 27836 28105 28374 28643 28913 29183 29453 29723 29994 30265 30537 30809 31081 31353 31625 31898 32171 32444
13373 13577 13784 13994 14206 14421 14639 14859 15081 15305 15532 15760 15990 16222 16456 16691 16928 17166 17406 17648 17890 18134 18379 18625 18873 19121 19371 19622 19873 20126 20379 20633 20888 21144 21401 21658 21916 22175 22435 22695 22956 23217 23479 23742 24005 24269 24533 24797 25062 25328 25594 25861 26127 26395 26663 26931 27199 27468 27737 28007 28277 28547 28817 29088 29359 29631 29902 30174 30447 30719 30992 31265 31538 31812 32085 32359
13172 13379 13589 13802 14017 14235 14456 14678 14903 15130 15359 15590 15822 16057 16293 16530 16770 17010 17252 17496 17740 17986 18233 18482 18731 18981 19233 19485 19738 19993 20248 20503 20760 21018 21276 21535 21794 22055 22316 22577 22839 23102 23365 23629 23893 24158 24424 24689 24956 25222 25490 25757 26025 26294 26562 26831 27101 27371 27641 27911 28182 28453 28725 28996 29268 29541 29813 30086 30359 30632 30906 31179 31453 31728 32002 32277
12974 13184 13397 13613 13832 14052 14276 14501 14729 14958 15190 15423 15658 15895 16133 16373 16615 16858 17102 17347 17594 17842 18091 18341 18592 18845 19098 19352 19607 19863 20119 20377 20635 20894 21154 21414 21675 21937 22199 22462 22726 22990 23254 23519 23785 24051 24318 24584 24852 25120 25388 25657 25926 26195 26465 26735 27005 27276 27547 27818 28090 28362 28634 28907 29180 29453 29726 30000 30274 30548 30822 31096 31371 31646 31921 32196
12779 12993 13209 13428 13649 13873 14099 14327 14557 14790 15024 15260 15497 15737 15977 16220 16463 16708 16955 17202 17451 17701 17952 18204 18457 18711 18966 19222 19479 19736 19995 20254 20513 20774 21035 21297 21560 21823 22086 22350 22615 22881 23146 23413 23679 23947 24214 24482 24751 25020 25289 25559 25829 26099 26370 26641 26912 27184 27456 27728 28001 28274 28547 28820 29094 29368 29642 29916 30191 30466 30741 31016 31291 31567 31843 32119
12588 12805 13024 13246 13471 13697 13926 14157 14390 14625 14862 15100 15340 15582 15825 16070 16315 16563 16811 17061 17312 17564 17817 18071 18325 18581 18838 19096 19354 19613 19873 20134 20395 20657 20920 21183 21447 21711 21976 22242 22508 22774 23041 23309 23577 23845 24114 24383 24653 24923 25193 25464 25735 26006 26278 26550 26822 27095 27368 27641 27914 28188 28462 28736 29010 29285 29560 29835 30110 30386 30662 30938 31214 31490 31766 32043
12401 12621 12843 13068 13296 13525 13757 13991 14227 14464 14703 14944 15187 15431 15676 15923 16171 16421 16671 16923 17176 17430 17685 17941 18197 18455 18713 18973 19233 19493 19755 20017 20280 20543 20808 21072 21337 21603 21870 22136 22404 22671 22940 23208 23477 23747 24017 24287 24558 24829 25100 25372 25644 25916 26189 26462 26735 27008 27282 27556 27830 28105 28380 28654 28930 29205 29481 29757 30033 30309 30585 30862 31139 31416 31693 31970
12218 12441 12666 12895 13125 13357 13592 13829 14067 14307 14549 14792 15037 15284 15532 15781 16031 16283 16535 16789 17044 17300 17557 17814 18073 18332 18592 18853 19115 19377 19640 19904 20168 20433 20699 20965 21231 21499 21766 22034 22303 22572 22841 23111 23381 23652 23923 24194 24466 24738 25010 25283 25556 25829 26102 26376 26650 26925 27199 27474 27749 28024 28300 28576 28852 29128 29404 29681 29957 30234 30511 30789 31066 31344 31621 31899
12038 12265 12493 12725 12958 13194 13431 13670 13911 14154 14399 14645 14892 15141 15391 15642 15895 16149 16403 16659 16916 17174 17432 17692 17952 18213 18475 18737 19001 19265 19529 19794 20060 20327 20593 20861 21129 21397 21666 21935 22205 22475 22746 23017 23288 23559 23832 24104 24377 24650 24923 25196 25470 25744 26019 26294 26568 26844 27119 27395 27671 27947 28223 28499 28776 29053 29330 29607 29885 30162 30440 30718 30996 31274 31552 31831
11863 12093 12325 12559 12795 13034 13274 13516 13760 14006 14253 14501 14751 15002 15254 15508 15763 16018 16275 16533 16792 17051 17312 17573 17835 18098 18361 18625 18890 19156 19422 19688 19956 20223 20491 20760 21029 21299 21569 21840 22110 22382 22653 22925 23198 23470 23743 24017 24290 24564 24839 25113 25388 25663 25938 26214 26490 26765 27042 27318 27595 27872 28149 28426 28703 28981 29258 29536 29814 30093 30371 30650 30928 31207 31486 31765
11692 11925 12160 12398 12637 12879 13122 13367 13613 13861 14111 14362 14614 14867 15122 15378 15634 15892 16151 16411 16671 16933 17195 17458 17722 17986 18251 18517 18783 19050 19318 19586 19854 20124 20393 20663 20933 21204 21476 21747 22019 22292 22564 22837 23111 23385 23659 23933 24208 24482 24758 25033 25309 25584 25861 26137 26413 26690 26967 27244 27522 27799 28077 28355 28633 28911 29190 29468 29747 30026 30305 30584 30863 31143 31422 31702
11526 11762 12001 12241 12484 12728 12974 13221 13471 13721 13973 14227 14481 14737 14994 15252 15511 15770 16031 16293 16555 16818 17082 17347 17613 17879 18145 18413 18680 18949 19218 19487 19757 20027 20298 20569 20841 21113 21386 21658 21931 22205 22479 22753 23027 23302 23577 23852 24128 24403 24679 24956 25232 25509 25786 26063 26340 26618 26896 27173 27452 27730 28008 28287 28566 28844 29123 29403 29682 29961 30241 30521 30801 31081 31361 31641
11365 11604 11846 12089 12335 12582 12831 13081 13333 13586 13840 14096 14353 14611 14870 15130 15391 15653 15915 16179 16443 16708 16974 17240 17507 17775 18043 18312 18581 18851 19121 19392 19663 19935 20207 20479 20752 21025 21299 21573 21847 22122 22396 22671 22947 23223 23498 23775 24051 24328 24605 24882 25159 25436 25714 25992 26270 26548 26827 27105 27384 27663 27942 28221 28501 28780 29060 29340 29620 29900 30180 30460 30741 31021 31302 31582
11208 11451 11696 11942 12191 12441 12692 12945 13200 13455 13712 13970 14229 14490 14751 15013 15276 15540 15804 16070 16336 16602 16870 17138 17406 17675 17945 18215 18486 18757 19029 19301 19573 19846 20119 20393 20667 20941 21216 21491 21766 22042 22317 22593 22870 23146 23423 23700 23977 24255 24533 24811 25089 25367 25645 25924 26203 26482 26761 27040 27320 27599 27879 28159 28439 28719 28999 29280 29560 29841 30121 30402 30683 30964 31245 31526
11057 11303 11551 11801 12052 12305 12559 12815 13072 13330 13589 13849 14111 14373 14636 14900 15165 15431 15697 15964 16232 16501 16770 17039 17309 17580 17851 18123 18395 18667 18940 19213 19487 19761 20036 20310 20585 20861 21136 21412 21689 21965 22242 22519 22796 23074 23351 23629 23907 24185 24464 24743 25021 25300 25580 25859 26138 26418 26698 26978 27258 27538 27818 28099 28380 28660 28941 29222 29503 29784 30065 30347 30628 30910 31191 31473
10911 11161 11412 11664 11918 12174 12431 12689 12949 13209 13471 13733 13997 14261 14526 14792 15059 15327 15595 15864 16133 16403 16674 16945 17217 17489 17761 18034 18308 18581 18855 19130 19405 19680 19956 20231 20507 20784 21061 21337 21615 21892 22170 22448 22726 23004 23283 23561 23840 24119 24398 24678 24957 25237 25517 25797 26077 26357 26638 26918 27199 27480 27761 28042 28323 28604 28886 29167 29449 29730 30012 30294 30576 30858 31140 31422
10771 11024 11278 11533 11790 12049 12308 12569 12831 13094 13357 13622 13888 14154 14421 14689 14958 15227 15497 15768 16039 16310 16583 16855 17128 17402 17675 17950 18224 18499 18775 19050 19326 19603 19879 20156 20433 20711 20988 21266 21544 21823 22101 22380 22659 22938 23217 23497 23776 24056 24336 24616 24896 25177 25457 25738 26019 26300 26581 26862 27143 27425 27706 27988 28269 28551 28833 29115 29397 29679 29961 30244 30526 30809 31091 31374
10637 10892 11150 11408 11668 11929 12191 12454 12718 12983 13249 13516 13784 14052 14322 14591 14862 15133 15404 15676 15949 16222 16496 16770 17044 17319 17594 17869 18145 18422 18698 18975 19252 19529 19807 20085 20363 20641 20920 21199 21477 21757 22036 22316 22595 22875 23155 23435 23716 23996 24277 24558 24839 25120 25401 25682 25964 26245 26527 26808 27090 27372 27654 27936 28218 28501 28783 29066 29348 29631 29913 30196 30479 30762 31045 31328
10509 10767 11027 11289 11551 11815 12079 12345 12611 12879 13147 13416 13685 13956 14227 14498 14770 15043 15316 15590 15864 16138 16413 16689 16964 17240 17517 17793 18071 18348 18625 18903 19181 19460 19738 20017 20296 20575 20855 21135 21414 21694 21974 22255 22535 22816 23097 23378 23659 23940 24221 24503 24784 25066 25347 25629 25911 26193 26476 26758 27040 27323 27605 27888 28170 28453 28736 29019 29302 29585 29868 30151 30435 30718 31001 31285
10387 10649 10911 11175 11440 11706 11973 12241 12510 12779 13050 13320 13592 13864 14137 14410 14684 14958 15233 15508 15783 16059 16336 16612 16889 17166 17444 17722 18000 18278 18557 18836 19115 19394 19674 19953 20233 20513 20794 21074 21355 21636 21916 22198 22479 22760 23041 23323 23605 23887 24168 24451 24733 25015 25297 25580 25862 26145 26427 26710 26993 27276 27559 27842 28125 28408 28692 28975 29258 29542 29825 30109 30393 30676 30960 31244
