Strange_grav_cald_dist.asc
ncols         266
nrows         250
xllcorner     717785.087810
yllcorner     2281365.510433
cellsize      286.545
NODATA_value  -9999
[rows 136 to 169 of 250, columns 76 to 151 of 266]
12958 12686 12414 12144 11873 11604 11336 11068 10802 10536 10272 10009 9746.7 9486.3 9227.5 8970.3 8714.9 8461.6 8210.4 7961.6 7715.5 7472.2 7232.1 6995.5 6762.7 6534.2 6310.5 6092 5879.4 5673.3 5474.4 5283.6 5101.8 4929.9 4769.1 4620.4 4485.1 4364.5 4259.8 4172.2 4102.7 4052.4 4021.8 4011.6 4021.8 4052.4 4102.7 4172.2 4259.8 4364.5 4485.1 4620.4 4769.1 4929.9 5101.8 5283.6 5474.4 5673.3 5879.4 6092 6310.5 6534.2 6762.7 6995.5 7232.1 7472.2 7715.5 7961.6 8210.4 8461.6 8714.9 8970.3 9227.5 9486.3 9746.7 10009
12872 12598 12325 12052 11780 11508 11238 10968 10699 10430 10163 9897.2 9632.3 9368.7 9106.5 8845.8 8586.8 8329.5 8074.3 7821.2 7570.4 7322.3 7077.1 6835.2 6596.8 6362.3 6132.3 5907.3 5687.8 5474.4 5268.1 5069.5 4879.7 4699.7 4530.7 4373.9 4230.8 4102.7 3991.1 3897.4 3823 3768.9 3736.1 3725.1 3736.1 3768.9 3823 3897.4 3991.1 4102.7 4230.8 4373.9 4530.7 4699.7 4879.7 5069.5 5268.1 5474.4 5687.8 5907.3 6132.3 6362.3 6596.8 6835.2 7077.1 7322.3 7570.4 7821.2 8074.3 8329.5 8586.8 8845.8 9106.5 9368.7 9632.3 9897.2
12792 12516 12241 11966 11692 11419 11146 10874 10602 10332 10062 9793 9525.2 9258.5 8993.1 8729 8466.4 8205.4 7946.1 7688.8 7433.6 7180.8 6930.6 6683.3 6439.3 6198.9 5962.6 5730.9 5504.3 5283.6 5069.5 4862.8 4664.6 4476 4298.2 4132.6 3980.8 3844.4 3725.1 3624.5 3544.4 3486 3450.5 3438.5 3450.5 3486 3544.4 3624.5 3725.1 3844.4 3980.8 4132.6 4298.2 4476 4664.6 4862.8 5069.5 5283.6 5504.3 5730.9 5962.6 6198.9 6439.3 6683.3 6930.6 7180.8 7433.6 7688.8 7946.1 8205.4 8466.4 8729 8993.1 9258.5 9525.2 9793
12718 12441 12164 11887 11611 11336 11061 10786 10513 10240 9967.5 9696.1 9425.5 9156 8887.5 8620.2 8354.1 8089.5 7826.4 7565 7305.5 7048.1 6793 6540.5 6290.9 6044.7 5802.1 5563.7 5330 5101.8 4879.7 4664.6 4457.6 4259.8 4072.6 3897.4 3736.1 3590.4 3462.3 3353.9 3267.1 3203.7 3165 3152 3165 3203.7 3267.1 3353.9 3462.3 3590.4 3736.1 3897.4 4072.6 4259.8 4457.6 4664.6 4879.7 5101.8 5330 5563.7 5802.1 6044.7 6290.9 6540.5 6793 7048.1 7305.5 7565 7826.4 8089.5 8354.1 8620.2 8887.5 9156 9425.5 9696.1
12650 12371 12093 11815 11537 11259 10983 10706 10430 10155 9880.6 9606.7 9333.6 9061.3 8790 8519.6 8250.3 7982.2 7715.5 7450.2 7186.5 6924.7 6664.9 6407.3 6152.4 5900.3 5651.5 5406.5 5165.8 4929.9 4699.7 4476 4259.8 4052.4 3855.1 3669.6 3497.7 3341.7 3203.7 3086.2 2991.6 2922.2 2879.7 2865.4 2879.7 2922.2 2991.6 3086.2 3203.7 3341.7 3497.7 3669.6 3855.1 4052.4 4259.8 4476 4699.7 4929.9 5165.8 5406.5 5651.5 5900.3 6152.4 6407.3 6664.9 6924.7 7186.5 7450.2 7715.5 7982.2 8250.3 8519.6 8790 9061.3 9333.6 9606.7
12588 12308 12028 11748 11469 11190 10911 10633 10355 10078 9801.3 9525.2 9249.7 8974.8 8700.8 8427.5 8155.2 7883.9 7613.7 7344.7 7077.1 6811.1 6546.8 6284.4 6024.3 5766.6 5511.8 5260.3 5012.5 4769.1 4530.7 4298.2 4072.6 3855.1 3647.1 3450.5 3267.1 3099.5 2950.2 2822.1 2718.4 2641.8 2594.8 2578.9 2594.8 2641.8 2718.4 2822.1 2950.2 3099.5 3267.1 3450.5 3647.1 3855.1 4072.6 4298.2 4530.7 4769.1 5012.5 5260.3 5511.8 5766.6 6024.3 6284.4 6546.8 6811.1 7077.1 7344.7 7613.7 7883.9 8155.2 8427.5 8700.8 8974.8 9249.7 9525.2
12533 12251 11970 11689 11408 11127 10847 10567 10288 10009 9729.9 9451.6 9173.9 8896.7 8620.2 8344.3 8069.2 7794.9 7521.5 7249.1 6977.8 6707.8 6439.3 6172.4 5907.3 5644.3 5383.7 5125.9 4871.3 4620.4 4373.9 4132.6 3897.4 3669.6 3450.5 3241.9 3046 2865.4 2703.3 2562.9 2448.2 2362.9 2310.2 2292.4 2310.2 2362.9 2448.2 2562.9 2703.3 2865.4 3046 3241.9 3450.5 3669.6 3897.4 4132.6 4373.9 4620.4 4871.3 5125.9 5383.7 5644.3 5907.3 6172.4 6439.3 6707.8 6977.8 7249.1 7521.5 7794.9 8069.2 8344.3 8620.2 8896.7 9173.9 9451.6
12484 12201 11918 11636 11354 11072 10790 10509 10228 9946.9 9666.4 9386.3 9106.5 8827.3 8548.5 8270.2 7992.5 7715.5 7439.1 7163.6 6889 6615.4 6342.9 6071.8 5802.1 5534.1 5268.1 5004.3 4743.2 4485.1 4230.8 3980.8 3736.1 3497.7 3267.1 3046 2836.6 2641.8 2465 2310.2 2182.3 2086.1 2026.2 2005.8 2026.2 2086.1 2182.3 2310.2 2465 2641.8 2836.6 3046 3267.1 3497.7 3736.1 3980.8 4230.8 4485.1 4743.2 5004.3 5268.1 5534.1 5802.1 6071.8 6342.9 6615.4 6889 7163.6 7439.1 7715.5 7992.5 8270.2 8548.5 8827.3 9106.5 9386.3
12441 12157 11873 11590 11307 11024 10741 10458 10175 9893.1 9611 9329.2 9047.7 8766.6 8485.8 8205.4 7925.4 7646 7367 7088.7 6811.1 6534.2 6258.2 5983.2 5709.4 5436.8 5165.8 4896.5 4629.3 4364.5 4102.7 3844.4 3590.4 3341.7 3099.5 2865.4 2641.8 2431.4 2238 2066.3 1922.2 1812.3 1743 1719.3 1743 1812.3 1922.2 2066.3 2238 2431.4 2641.8 2865.4 3099.5 3341.7 3590.4 3844.4 4102.7 4364.5 4629.3 4896.5 5165.8 5436.8 5709.4 5983.2 6258.2 6534.2 6811.1 7088.7 7367 7646 7925.4 8205.4 8485.8 8766.6 9047.7 9329.2
12404 12120 11835 11551 11267 10983 10699 10415 10131 9847.3 9563.9 9280.7 8997.7 8714.9 8432.4 8150.2 7868.3 7586.7 7305.5 7024.7 6744.5 6464.7 6185.7 5907.3 5629.7 5353.1 5077.6 4803.4 4530.7 4259.8 3991.1 3725.1 3462.3 3203.7 2950.2 2703.3 2465 2238 2026.2 1834.8 1670.8 1543.1 1461.1 1432.7 1461.1 1543.1 1670.8 1834.8 2026.2 2238 2465 2703.3 2950.2 3203.7 3462.3 3725.1 3991.1 4259.8 4530.7 4803.4 5077.6 5353.1 5629.7 5907.3 6185.7 6464.7 6744.5 7024.7 7305.5 7586.7 7868.3 8150.2 8432.4 8714.9 8997.7 9280.7
12375 12089 11804 11519 11234 10949 10664 10379 10094 9809.7 9525.2 9240.8 8956.5 8672.4 8388.5 8104.7 7821.2 7537.8 7254.7 6971.9 6689.5 6407.3 6125.6 5844.4 5563.7 5283.6 5004.3 4725.8 4448.4 4172.2 3897.4 3624.5 3353.9 3086.2 2822.1 2562.9 2310.2 2066.3 1834.8 1620.9 1432.7 1281.5 1181.5 1146.2 1181.5 1281.5 1432.7 1620.9 1834.8 2066.3 2310.2 2562.9 2822.1 3086.2 3353.9 3624.5 3897.4 4172.2 4448.4 4725.8 5004.3 5283.6 5563.7 5844.4 6125.6 6407.3 6689.5 6971.9 7254.7 7537.8 7821.2 8104.7 8388.5 8672.4 8956.5 9240.8
12351 12066 11780 11494 11208 10923 10637 10351 10066 9780.4 9495 9209.6 8924.4 8639.2 8354.1 8069.2 7784.3 7499.6 7215 6930.6 6646.4 6362.3 6078.5 5795 5511.8 5229 4946.5 4664.6 4383.3 4102.7 3823 3544.4 3267.1 2991.6 2718.4 2448.2 2182.3 1922.2 1670.8 1432.7 1215.7 1033.2 906.13 859.63 906.13 1033.2 1215.7 1432.7 1670.8 1922.2 2182.3 2448.2 2718.4 2991.6 3267.1 3544.4 3823 4102.7 4383.3 4664.6 4946.5 5229 5511.8 5795 6078.5 6362.3 6646.4 6930.6 7215 7499.6 7784.3 8069.2 8354.1 8639.2 8924.4 9209.6
12335 12049 11762 11476 11190 10904 10618 10332 10045 9759.4 9473.3 9187.3 8901.4 8615.4 8329.5 8043.7 7757.9 7472.2 7186.5 6900.9 6615.4 6330 6044.7 5759.5 5474.4 5189.5 4904.9 4620.4 4336.2 4052.4 3768.9 3486 3203.7 2922.2 2641.8 2362.9 2086.1 1812.3 1543.1 1281.5 1033.2 810.47 640.73 573.09 640.73 810.47 1033.2 1281.5 1543.1 1812.3 2086.1 2362.9 2641.8 2922.2 3203.7 3486 3768.9 4052.4 4336.2 4620.4 4904.9 5189.5 5474.4 5759.5 6044.7 6330 6615.4 6900.9 7186.5 7472.2 7757.9 8043.7 8329.5 8615.4 8901.4 9187.3
12325 12038 11752 11465 11179 10892 10606 10320 10033 9746.7 9460.3 9173.9 8887.5 8601.1 8314.7 8028.4 7742 7455.7 7169.4 6883 6596.8 6310.5 6024.3 5738.1 5451.9 5165.8 4879.7 4593.7 4307.7 4021.8 3736.1 3450.5 3165 2879.7 2594.8 2310.2 2026.2 1743 1461.1 1181.5 906.13 640.73 405.24 286.54 405.24 640.73 906.13 1181.5 1461.1 1743 2026.2 2310.2 2594.8 2879.7 3165 3450.5 3736.1 4021.8 4307.7 4593.7 4879.7 5165.8 5451.9 5738.1 6024.3 6310.5 6596.8 6883 7169.4 7455.7 7742 8028.4 8314.7 8601.1 8887.5 9173.9
12321 12035 11748 11462 11175 10889 10602 10316 10029 9742.5 9456 9169.4 8882.9 8596.3 8309.8 8023.3 7736.7 7450.2 7163.6 6877.1 6590.5 6304 6017.4 5730.9 5444.4 5157.8 4871.3 4584.7 4298.2 4011.6 3725.1 3438.5 3152 2865.4 2578.9 2292.4 2005.8 1719.3 1432.7 1146.2 859.63 573.09 286.54 0 286.54 573.09 859.63 1146.2 1432.7 1719.3 2005.8 2292.4 2578.9 2865.4 3152 3438.5 3725.1 4011.6 4298.2 4584.7 4871.3 5157.8 5444.4 5730.9 6017.4 6304 6590.5 6877.1 7163.6 7450.2 7736.7 8023.3 8309.8 8596.3 8882.9 9169.4
12325 12038 11752 11465 11179 10892 10606 10320 10033 9746.7 9460.3 9173.9 8887.5 8601.1 8314.7 8028.4 7742 7455.7 7169.4 6883 6596.8 6310.5 6024.3 5738.1 5451.9 5165.8 4879.7 4593.7 4307.7 4021.8 3736.1 3450.5 3165 2879.7 2594.8 2310.2 2026.2 1743 1461.1 1181.5 906.13 640.73 405.24 286.54 405.24 640.73 906.13 1181.5 1461.1 1743 2026.2 2310.2 2594.8 2879.7 3165 3450.5 3736.1 4021.8 4307.7 4593.7 4879.7 5165.8 5451.9 5738.1 6024.3 6310.5 6596.8 6883 7169.4 7455.7 7742 8028.4 8314.7 8601.1 8887.5 9173.9
12335 12049 11762 11476 11190 10904 10618 10332 10045 9759.4 9473.3 9187.3 8901.4 8615.4 8329.5 8043.7 7757.9 7472.2 7186.5 6900.9 6615.4 6330 6044.7 5759.5 5474.4 5189.5 4904.9 4620.4 4336.2 4052.4 3768.9 3486 3203.7 2922.2 2641.8 2362.9 2086.1 1812.3 1543.1 1281.5 1033.2 810.47 640.73 573.09 640.73 810.47 1033.2 1281.5 1543.1 1812.3 2086.1 2362.9 2641.8 2922.2 3203.7 3486 3768.9 4052.4 4336.2 4620.4 4904.9 5189.5 5474.4 5759.5 6044.7 6330 6615.4 6900.9 7186.5 7472.2 7757.9 8043.7 8329.5 8615.4 8901.4 9187.3
12351 12066 11780 11494 11208 10923 10637 10351 10066 9780.4 9495 9209.6 8924.4 8639.2 8354.1 8069.2 7784.3 7499.6 7215 6930.6 6646.4 6362.3 6078.5 5795 5511.8 5229 4946.5 4664.6 4383.3 4102.7 3823 3544.4 3267.1 2991.6 2718.4 2448.2 2182.3 1922.2 1670.8 1432.7 1215.7 1033.2 906.13 859.63 906.13 1033.2 1215.7 1432.7 1670.8 1922.2 2182.3 2448.2 2718.4 2991.6 3267.1 3544.4 3823 4102.7 4383.3 4664.6 4946.5 5229 5511.8 5795 6078.5 6362.3 6646.4 6930.6 7215 7499.6 7784.3 8069.2 8354.1 8639.2 8924.4 9209.6
12375 12089 11804 11519 11234 10949 10664 10379 10094 9809.7 9525.2 9240.8 8956.5 8672.4 8388.5 8104.7 7821.2 7537.8 7254.7 6971.9 6689.5 6407.3 6125.6 5844.4 5563.7 5283.6 5004.3 4725.8 4448.4 4172.2 3897.4 3624.5 3353.9 3086.2 2822.1 2562.9 2310.2 2066.3 1834.8 1620.9 1432.7 1281.5 1181.5 1146.2 1181.5 1281.5 1432.7 1620.9 1834.8 2066.3 2310.2 2562.9 2822.1 3086.2 3353.9 3624.5 3897.4 4172.2 4448.4 4725.8 5004.3 5283.6 5563.7 5844.4 6125.6 6407.3 6689.5 6971.9 7254.7 7537.8 7821.2 8104.7 8388.5 8672.4 8956.5 9240.8
12404 12120 11835 11551 11267 10983 10699 10415 10131 9847.3 9563.9 9280.7 8997.7 8714.9 8432.4 8150.2 7868.3 7586.7 7305.5 7024.7 6744.5 6464.7 6185.7 5907.3 5629.7 5353.1 5077.6 4803.4 4530.7 4259.8 3991.1 3725.1 3462.3 3203.7 2950.2 2703.3 2465 2238 2026.2 1834.8 1670.8 1543.1 1461.1 1432.7 1461.1 1543.1 1670.8 1834.8 2026.2 2238 2465 2703.3 2950.2 3203.7 3462.3 3725.1 3991.1 4259.8 4530.7 4803.4 5077.6 5353.1 5629.7 5907.3 6185.7 6464.7 6744.5 7024.7 7305.5 7586.7 7868.3 8150.2 8432.4 8714.9 8997.7 9280.7
12441 12157 11873 11590 11307 11024 10741 10458 10175 9893.1 9611 9329.2 9047.7 8766.6 8485.8 8205.4 7925.4 7646 7367 7088.7 6811.1 6534.2 6258.2 5983.2 5709.4 5436.8 5165.8 4896.5 4629.3 4364.5 4102.7 3844.4 3590.4 3341.7 3099.5 2865.4 2641.8 2431.4 2238 2066.3 1922.2 1812.3 1743 1719.3 1743 1812.3 1922.2 2066.3 2238 2431.4 2641.8 2865.4 3099.5 3341.7 3590.4 3844.4 4102.7 4364.5 4629.3 4896.5 5165.8 5436.8 5709.4 5983.2 6258.2 6534.2 6811.1 7088.7 7367 7646 7925.4 8205.4 8485.8 8766.6 9047.7 9329.2
12484 12201 11918 11636 11354 11072 10790 10509 10228 9946.9 9666.4 9386.3 9106.5 8827.3 8548.5 8270.2 7992.5 7715.5 7439.1 7163.6 6889 6615.4 6342.9 6071.8 5802.1 5534.1 5268.1 5004.3 4743.2 4485.1 4230.8 3980.8 3736.1 3497.7 3267.1 3046 2836.6 2641.8 2465 2310.2 2182.3 2086.1 2026.2 2005.8 2026.2 2086.1 2182.3 2310.2 2465 2641.8 2836.6 3046 3267.1 3497.7 3736.1 3980.8 4230.8 4485.1 4743.2 5004.3 5268.1 5534.1 5802.1 6071.8 6342.9 6615.4 6889 7163.6 7439.1 7715.5 7992.5 8270.2 8548.5 8827.3 9106.5 9386.3
12533 12251 11970 11689 11408 11127 10847 10567 10288 10009 9729.9 9451.6 9173.9 8896.7 8620.2 8344.3 8069.2 7794.9 7521.5 7249.1 6977.8 6707.8 6439.3 6172.4 5907.3 5644.3 5383.7 5125.9 4871.3 4620.4 4373.9 4132.6 3897.4 3669.6 3450.5 3241.9 3046 2865.4 2703.3 2562.9 2448.2 2362.9 2310.2 2292.4 2310.2 2362.9 2448.2 2562.9 2703.3 2865.4 3046 3241.9 3450.5 3669.6 3897.4 4132.6 4373.9 4620.4 4871.3 5125.9 5383.7 5644.3 5907.3 6172.4 6439.3 6707.8 6977.8 7249.1 7521.5 7794.9 8069.2 8344.3 8620.2 8896.7 9173.9 9451.6
12588 12308 12028 11748 11469 11190 10911 10633 10355 10078 9801.3 9525.2 9249.7 8974.8 8700.8 8427.5 8155.2 7883.9 7613.7 7344.7 7077.1 6811.1 6546.8 6284.4 6024.3 5766.6 5511.8 5260.3 5012.5 4769.1 4530.7 4298.2 4072.6 3855.1 3647.1 3450.5 3267.1 3099.5 2950.2 2822.1 2718.4 2641.8 2594.8 2578.9 2594.8 2641.8 2718.4 2822.1 2950.2 3099.5 3267.1 3450.5 3647.1 3855.1 4072.6 4298.2 4530.7 4769.1 5012.5 5260.3 5511.8 5766.6 6024.3 6284.4 6546.8 6811.1 7077.1 7344.7 7613.7 7883.9 8155.2 8427.5 8700.8 8974.8 9249.7 9525.2
12650 12371 12093 11815 11537 11259 10983 10706 10430 10155 9880.6 9606.7 9333.6 9061.3 8790 8519.6 8250.3 7982.2 7715.5 7450.2 7186.5 6924.7 6664.9 6407.3 6152.4 5900.3 5651.5 5406.5 5165.8 4929.9 4699.7 4476 4259.8 4052.4 3855.1 3669.6 3497.7 3341.7 3203.7 3086.2 2991.6 2922.2 2879.7 2865.4 2879.7 2922.2 2991.6 3086.2 3203.7 3341.7 3497.7 3669.6 3855.1 4052.4 4259.8 4476 4699.7 4929.9 5165.8 5406.5 5651.5 5900.3 6152.4 6407.3 6664.9 6924.7 7186.5 7450.2 7715.5 7982.2 8250.3 8519.6 8790 9061.3 9333.6 9606.7
12718 12441 12164 11887 11611 11336 11061 10786 10513 10240 9967.5 9696.1 9425.5 9156 8887.5 8620.2 8354.1 8089.5 7826.4 7565 7305.5 7048.1 6793 6540.5 6290.9 6044.7 5802.1 5563.7 5330 5101.8 4879.7 4664.6 4457.6 4259.8 4072.6 3897.4 3736.1 3590.4 3462.3 3353.9 3267.1 3203.7 3165 3152 3165 3203.7 3267.1 3353.9 3462.3 3590.4 3736.1 3897.4 4072.6 4259.8 4457.6 4664.6 4879.7 5101.8 5330 5563.7 5802.1 6044.7 6290.9 6540.5 6793 7048.1 7305.5 7565 7826.4 8089.5 8354.1 8620.2 8887.5 9156 9425.5 9696.1
12792 12516 12241 11966 11692 11419 11146 10874 10602 10332 10062 9793 9525.2 9258.5 8993.1 8729 8466.4 8205.4 7946.1 7688.8 7433.6 7180.8 6930.6 6683.3 6439.3 6198.9 5962.6 5730.9 5504.3 5283.6 5069.5 4862.8 4664.6 4476 4298.2 4132.6 3980.8 3844.4 3725.1 3624.5 3544.4 3486 3450.5 3438.5 3450.5 3486 3544.4 3624.5 3725.1 3844.4 3980.8 4132.6 4298.2 4476 4664.6 4862.8 5069.5 5283.6 5504.3 5730.9 5962.6 6198.9 6439.3 6683.3 6930.6 7180.8 7433.6 7688.8 7946.1 8205.4 8466.4 8729 8993.1 9258.5 9525.2 9793
12872 12598 12325 12052 11780 11508 11238 10968 10699 10430 10163 9897.2 9632.3 9368.7 9106.5 8845.8 8586.8 8329.5 8074.3 7821.2 7570.4 7322.3 7077.1 6835.2 6596.8 6362.3 6132.3 5907.3 5687.8 5474.4 5268.1 5069.5 4879.7 4699.7 4530.7 4373.9 4230.8 4102.7 3991.1 3897.4 3823 3768.9 3736.1 3725.1 3736.1 3768.9 3823 3897.4 3991.1 4102.7 4230.8 4373.9 4530.7 4699.7 4879.7 5069.5 5268.1 5474.4 5687.8 5907.3 6132.3 6362.3 6596.8 6835.2 7077.1 7322.3 7570.4 7821.2 8074.3 8329.5 8586.8 8845.8 9106.5 9368.7 9632.3 9897.2
12958 12686 12414 12144 11873 11604 11336 11068 10802 10536 10272 10009 9746.7 9486.3 9227.5 8970.3 8714.9 8461.6 8210.4 7961.6 7715.5 7472.2 7232.1 6995.5 6762.7 6534.2 6310.5 6092 5879.4 5673.3 5474.4 5283.6 5101.8 4929.9 4769.1 4620.4 4485.1 4364.5 4259.8 4172.2 4102.7 4052.4 4021.8 4011.6 4021.8 4052.4 4102.7 4172.2 4259.8 4364.5 4485.1 4620.4 4769.1 4929.9 5101.8 5283.6 5474.4 5673.3 5879.4 6092 6310.5 6534.2 6762.7 6995.5 7232.1 7472.2 7715.5 7961.6 8210.4 8461.6 8714.9 8970.3 9227.5 9486.3 9746.7 10009
13050 12779 12510 12241 11973 11706 11440 11175 10911 10649 10387 10127 9868.1 9611 9355.6 9102 8850.5 8601.1 8354.1 8109.8 7868.3 7629.8 7394.9 7163.6 6936.5 6714 6496.4 6284.4 6078.5 5879.4 5687.8 5504.3 5330 5165.8 5012.5 4871.3 4743.2 4629.3 4530.7 4448.4 4383.3 4336.2 4307.7 4298.2 4307.7 4336.2 4383.3 4448.4 4530.7 4629.3 4743.2 4871.3 5012.5 5165.8 5330 5504.3 5687.8 5879.4 6078.5 6284.4 6496.4 6714 6936.5 7163.6 7394.9 7629.8 7868.3 8109.8 8354.1 8601.1 8850.5 9102 9355.6 9611 9868.1 10127
13147 12879 12611 12345 12079 11815 11551 11289 11027 10767 10509 10252 9996.3 9742.5 9490.6 9240.8 8993.1 8747.8 8505.1 8265.2 8028.4 7794.9 7565 7339.1 7117.6 6900.9 6689.5 6483.8 6284.4 6092 5907.3 5730.9 5563.7 5406.5 5260.3 5125.9 5004.3 4896.5 4803.4 4725.8 4664.6 4620.4 4593.7 4584.7 4593.7 4620.4 4664.6 4725.8 4803.4 4896.5 5004.3 5125.9 5260.3 5406.5 5563.7 5730.9 5907.3 6092 6284.4 6483.8 6689.5 6900.9 7117.6 7339.1 7565 7794.9 8028.4 8265.2 8505.1 8747.8 8993.1 9240.8 9490.6 9742.5 9996.3 10252
13249 12983 12718 12454 12191 11929 11668 11408 11150 10892 10637 10383 10131 9880.6 9632.3 9386.3 9142.5 8901.4 8662.9 8427.5 8195.4 7966.8 7742 7521.5 7305.5 7094.5 6889 6689.5 6496.4 6310.5 6132.3 5962.6 5802.1 5651.5 5511.8 5383.7 5268.1 5165.8 5077.6 5004.3 4946.5 4904.9 4879.7 4871.3 4879.7 4904.9 4946.5 5004.3 5077.6 5165.8 5268.1 5383.7 5511.8 5651.5 5802.1 5962.6 6132.3 6310.5 6496.4 6689.5 6889 7094.5 7305.5 7521.5 7742 7966.8 8195.4 8427.5 8662.9 8901.4 9142.5 9386.3 9632.3 9880.6 10131 10383
13357 13094 12831 12569 12308 12049 11790 11533 11278 11024 10771 10521 10272 10025 9780.4 9538.1 9298.4 9061.3 8827.3 8596.3 8368.9 8145.1 7925.4 7710.1 7499.6 7294.2 7094.5 6900.9 6714 6534.2 6362.3 6198.9 6044.7 5900.3 5766.6 5644.3 5534.1 5436.8 5353.1 5283.6 5229 5189.5 5165.8 5157.8 5165.8 5189.5 5229 5283.6 5353.1 5436.8 5534.1 5644.3 5766.6 5900.3 6044.7 6198.9 6362.3 6534.2 6714 6900.9 7094.5 7294.2 7499.6 7710.1 7925.4 8145.1 8368.9 8596.3 8827.3 9061.3 9298.4 9538.1 9780.4 10025 10272 10521
13471 13209 12949 12689 12431 12174 11918 11664 11412 11161 10911 10664 10419 10175 9934.5 9696.1 9460.3 9227.5 8997.7 8771.3 8548.5 8329.5 8114.8 7904.7 7699.5 7499.6 7305.5 7117.6 6936.5 6762.7 6596.8 6439.3 6290.9 6152.4 6024.3 5907.3 5802.1 5709.4 5629.7 5563.7 5511.8 5474.4 5451.9 5444.4 5451.9 5474.4 5511.8 5563.7 5629.7 5709.4 5802.1 5907.3 6024.3 6152.4 6290.9 6439.3 6596.8 6762.7 6936.5 7117.6 7305.5 7499.6 7699.5 7904.7 8114.8 8329.5 8548.5 8771.3 8997.7 9227.5 9460.3 9696.1 9934.5 10175 10419 10664
