Strange_grav_cald_dist.asc
ncols         266
nrows         250
xllcorner     717785.087810
yllcorner     2281365.510433
cellsize      286.545
NODATA_value  -9999
[rows 34 to 67 of 250, columns 0 to 75 of 266]
47619 47414 47210 47007 46805 46604 46403 46204 46005 45808 45611 45415 45221 45027 44834 44642 44451 44262 44073 43885 43699 43513 43329 43146 42964 42783 42603 42424 42247 42070 41895 41722 41549 41378 41208 41039 40872 40706 40541 40377 40215 40055 39896 39738 39582 39427 39273 39122 38971 38822 38675 38529 38385 38243 38102 37963 37825 37689 37555 37422 37292 37163 37035 36910 36786 36664 36544 36426 36310 36196 36083 35973 35864 35757 35653 35550
47419 47214 47009 46805 46602 46400 46199 45998 45799 45600 45403 45206 45010 44816 44622 44429 44238 44047 43857 43669 43481 43295 43110 42925 42742 42560 42380 42200 42022 41844 41668 41494 41320 41148 40977 40807 40639 40472 40306 40142 39979 39817 39657 39499 39341 39185 39031 38878 38727 38577 38429 38282 38137 37994 37852 37712 37573 37437 37301 37168 37036 36906 36778 36652 36527 36405 36284 36165 36048 35933 35819 35708 35599 35491 35386 35282
47221 47014 46809 46604 46400 46197 45995 45793 45593 45394 45195 44998 44801 44605 44411 44217 44025 43833 43642 43453 43264 43077 42891 42706 42522 42339 42157 41977 41797 41619 41442 41266 41092 40919 40747 40576 40407 40239 40072 39907 39743 39581 39419 39260 39102 38945 38790 38636 38484 38333 38184 38036 37890 37746 37603 37462 37322 37185 37049 36914 36782 36651 36522 36395 36269 36146 36024 35904 35786 35670 35556 35444 35333 35225 35119 35015
47023 46816 46609 46403 46199 45995 45792 45589 45388 45188 44988 44790 44592 44396 44200 44006 43812 43620 43428 43238 43049 42860 42673 42487 42302 42118 41936 41754 41574 41395 41217 41040 40865 40690 40517 40346 40176 40007 39839 39673 39508 39344 39182 39022 38862 38705 38549 38394 38241 38089 37939 37790 37643 37498 37354 37212 37072 36933 36796 36661 36527 36396 36266 36138 36011 35887 35764 35643 35525 35408 35293 35180 35069 34960 34853 34748
46826 46618 46411 46204 45998 45793 45589 45386 45184 44983 44783 44583 44385 44187 43991 43795 43601 43408 43215 43024 42833 42644 42456 42269 42083 41898 41715 41532 41351 41171 40992 40814 40638 40463 40289 40116 39945 39775 39606 39439 39273 39109 38946 38784 38624 38465 38308 38152 37998 37846 37695 37545 37397 37251 37106 36963 36822 36682 36544 36408 36274 36141 36010 35881 35754 35628 35505 35383 35264 35146 35030 34916 34804 34694 34587 34481
46630 46421 46213 46005 45799 45593 45388 45184 44981 44779 44578 44377 44178 43980 43782 43586 43390 43196 43003 42810 42619 42429 42240 42052 41865 41679 41495 41311 41129 40948 40768 40589 40412 40236 40061 39887 39715 39544 39375 39206 39040 38874 38710 38547 38386 38227 38068 37912 37757 37603 37451 37300 37152 37004 36859 36715 36572 36432 36293 36156 36020 35887 35755 35625 35497 35371 35246 35124 35003 34884 34768 34653 34540 34430 34321 34214
46435 46225 46016 45808 45600 45394 45188 44983 44779 44576 44374 44173 43972 43773 43575 43377 43181 42986 42791 42598 42406 42215 42025 41836 41648 41461 41275 41091 40908 40726 40545 40365 40187 40010 39834 39659 39486 39314 39144 38974 38806 38640 38475 38311 38149 37989 37829 37672 37515 37361 37208 37056 36906 36758 36612 36467 36323 36182 36042 35904 35768 35633 35500 35369 35240 35113 34988 34864 34743 34623 34506 34390 34277 34165 34055 33948
46241 46030 45820 45611 45403 45195 44988 44783 44578 44374 44171 43969 43767 43567 43368 43169 42972 42776 42581 42386 42193 42001 41810 41620 41431 41244 41057 40872 40687 40504 40322 40142 39962 39784 39608 39432 39258 39085 38913 38743 38574 38407 38241 38076 37913 37751 37591 37432 37275 37119 36965 36813 36662 36513 36365 36219 36075 35933 35792 35653 35515 35380 35246 35114 34984 34856 34730 34606 34483 34363 34244 34128 34013 33901 33790 33682
46048 45836 45625 45415 45206 44998 44790 44583 44377 44173 43969 43765 43563 43362 43162 42963 42764 42567 42371 42176 41982 41788 41596 41405 41216 41027 40839 40653 40468 40284 40101 39919 39739 39560 39382 39205 39030 38856 38684 38512 38342 38174 38007 37841 37677 37514 37353 37193 37035 36879 36724 36570 36418 36268 36119 35973 35827 35684 35542 35402 35264 35127 34993 34860 34729 34600 34472 34347 34224 34102 33983 33866 33750 33637 33526 33417
45856 45643 45432 45221 45010 44801 44592 44385 44178 43972 43767 43563 43360 43158 42957 42757 42557 42359 42162 41966 41771 41577 41384 41192 41001 40811 40623 40435 40249 40064 39880 39698 39516 39336 39157 38980 38803 38628 38455 38282 38112 37942 37774 37607 37442 37278 37116 36955 36796 36639 36482 36328 36175 36024 35874 35726 35580 35436 35293 35152 35012 34875 34739 34606 34474 34344 34215 34089 33965 33843 33722 33604 33488 33374 33261 33151
45665 45451 45239 45027 44816 44605 44396 44187 43980 43773 43567 43362 43158 42955 42753 42552 42351 42152 41954 41757 41561 41366 41172 40979 40787 40596 40407 40218 40031 39845 39660 39477 39294 39113 38933 38755 38577 38401 38227 38053 37881 37711 37542 37374 37208 37043 36880 36718 36558 36399 36242 36086 35933 35780 35630 35481 35333 35188 35044 34902 34762 34623 34487 34352 34219 34088 33959 33832 33706 33583 33462 33343 33226 33111 32997 32887
45475 45260 45047 44834 44622 44411 44200 43991 43782 43575 43368 43162 42957 42753 42550 42348 42146 41946 41747 41549 41352 41156 40961 40767 40574 40382 40192 40003 39814 39627 39441 39257 39073 38891 38710 38530 38352 38175 37999 37825 37652 37480 37310 37142 36974 36808 36644 36481 36320 36160 36002 35846 35691 35537 35386 35236 35087 34941 34796 34653 34512 34372 34235 34099 33965 33833 33703 33575 33449 33324 33202 33082 32964 32848 32734 32622
45286 45071 44856 44642 44429 44217 44006 43795 43586 43377 43169 42963 42757 42552 42348 42145 41942 41741 41541 41342 41144 40947 40751 40556 40362 40169 39978 39787 39598 39410 39223 39037 38853 38670 38488 38307 38128 37950 37773 37597 37423 37251 37080 36910 36741 36575 36409 36245 36083 35922 35763 35605 35449 35295 35142 34991 34842 34694 34549 34404 34262 34122 33983 33846 33711 33578 33447 33318 33191 33066 32943 32822 32703 32586 32471 32358
45098 44882 44666 44451 44238 44025 43812 43601 43390 43181 42972 42764 42557 42351 42146 41942 41739 41537 41336 41136 40937 40739 40542 40346 40151 39957 39765 39573 39383 39194 39006 38819 38634 38449 38266 38085 37904 37725 37547 37371 37196 37022 36850 36679 36509 36342 36175 36010 35847 35685 35525 35366 35209 35053 34900 34748 34597 34449 34302 34157 34013 33872 33732 33594 33458 33324 33192 33062 32934 32808 32684 32562 32442 32324 32208 32094
44911 44694 44477 44262 44047 43833 43620 43408 43196 42986 42776 42567 42359 42152 41946 41741 41537 41334 41132 40931 40731 40532 40334 40137 39941 39746 39553 39360 39169 38979 38790 38602 38415 38230 38046 37863 37681 37501 37322 37145 36969 36794 36621 36449 36278 36109 35942 35776 35611 35448 35287 35127 34969 34813 34658 34505 34353 34203 34055 33909 33765 33622 33482 33343 33206 33071 32938 32807 32677 32550 32425 32302 32181 32062 31946 31831
44725 44507 44289 44073 43857 43642 43428 43215 43003 42791 42581 42371 42162 41954 41747 41541 41336 41132 40929 40727 40526 40326 40127 39929 39732 39536 39341 39148 38955 38764 38574 38385 38198 38011 37826 37642 37460 37278 37098 36920 36743 36567 36392 36219 36048 35878 35709 35542 35376 35212 35050 34889 34730 34572 34416 34262 34110 33959 33810 33663 33517 33374 33232 33092 32954 32818 32684 32552 32421 32293 32167 32043 31921 31801 31684 31568
44540 44321 44103 43885 43669 43453 43238 43024 42810 42598 42386 42176 41966 41757 41549 41342 41136 40931 40727 40524 40321 40120 39920 39721 39523 39327 39131 38936 38743 38551 38360 38170 37981 37794 37607 37422 37239 37056 36875 36696 36517 36340 36165 35991 35818 35647 35477 35309 35142 34977 34814 34652 34491 34333 34176 34020 33867 33715 33565 33417 33270 33125 32983 32842 32703 32565 32430 32297 32166 32037 31910 31785 31662 31541 31422 31306
44356 44136 43917 43699 43481 43264 43049 42833 42619 42406 42193 41982 41771 41561 41352 41144 40937 40731 40526 40321 40118 39916 39715 39515 39316 39118 38922 38726 38531 38338 38146 37955 37765 37577 37389 37203 37019 36835 36653 36472 36293 36115 35938 35763 35589 35417 35246 35077 34909 34743 34578 34415 34254 34094 33936 33779 33625 33472 33321 33171 33024 32878 32734 32592 32452 32314 32177 32043 31911 31781 31653 31526 31402 31281 31161 31044
44173 43953 43733 43513 43295 43077 42860 42644 42429 42215 42001 41788 41577 41366 41156 40947 40739 40532 40326 40120 39916 39713 39511 39310 39110 38911 38713 38517 38321 38127 37933 37741 37550 37361 37172 36985 36800 36615 36432 36250 36069 35890 35713 35536 35361 35188 35016 34846 34677 34509 34344 34179 34017 33856 33697 33539 33383 33229 33077 32926 32778 32631 32486 32343 32202 32062 31925 31790 31656 31525 31396 31269 31144 31021 30900 30782
43992 43770 43549 43329 43110 42891 42673 42456 42240 42025 41810 41596 41384 41172 40961 40751 40542 40334 40127 39920 39715 39511 39308 39106 38905 38705 38506 38308 38112 37916 37722 37529 37337 37146 36957 36768 36581 36396 36211 36028 35847 35666 35488 35310 35134 34960 34787 34615 34445 34277 34110 33944 33781 33619 33458 33300 33143 32988 32834 32682 32533 32385 32239 32094 31952 31812 31673 31537 31402 31270 31140 31012 30886 30762 30640 30521
43811 43589 43367 43146 42925 42706 42487 42269 42052 41836 41620 41405 41192 40979 40767 40556 40346 40137 39929 39721 39515 39310 39106 38903 38701 38500 38300 38101 37903 37707 37511 37317 37124 36932 36741 36552 36364 36177 35992 35808 35625 35444 35264 35085 34908 34732 34558 34385 34214 34045 33877 33710 33545 33382 33221 33061 32903 32746 32592 32439 32288 32139 31992 31846 31703 31562 31422 31285 31149 31016 30884 30755 30628 30503 30381 30260
43632 43408 43186 42964 42742 42522 42302 42083 41865 41648 41431 41216 41001 40787 40574 40362 40151 39941 39732 39523 39316 39110 38905 38701 38497 38295 38094 37894 37696 37498 37301 37106 36912 36719 36527 36337 36148 35960 35773 35588 35404 35222 35041 34861 34683 34506 34330 34157 33984 33814 33644 33477 33311 33146 32984 32823 32664 32506 32350 32196 32044 31894 31746 31599 31455 31312 31172 31033 30896 30762 30629 30499 30371 30245 30121 30000
43454 43229 43006 42783 42560 42339 42118 41898 41679 41461 41244 41027 40811 40596 40382 40169 39957 39746 39536 39327 39118 38911 38705 38500 38295 38092 37890 37689 37489 37290 37093 36896 36701 36507 36314 36123 35933 35744 35556 35369 35184 35001 34818 34638 34458 34280 34104 33929 33755 33583 33413 33244 33077 32912 32748 32586 32425 32267 32110 31955 31801 31650 31500 31353 31207 31063 30922 30782 30644 30509 30375 30244 30114 29987 29863 29740
43277 43051 42827 42603 42380 42157 41936 41715 41495 41275 41057 40839 40623 40407 40192 39978 39765 39553 39341 39131 38922 38713 38506 38300 38094 37890 37687 37485 37284 37084 36885 36688 36491 36296 36102 35910 35718 35528 35339 35152 34966 34781 34597 34415 34235 34055 33878 33702 33527 33354 33182 33012 32844 32677 32512 32349 32188 32028 31870 31713 31559 31406 31256 31107 30960 30815 30672 30531 30393 30256 30121 29989 29858 29730 29604 29481
43101 42875 42649 42424 42200 41977 41754 41532 41311 41091 40872 40653 40435 40218 40003 39787 39573 39360 39148 38936 38726 38517 38308 38101 37894 37689 37485 37282 37080 36879 36679 36480 36283 36086 35891 35698 35505 35314 35124 34935 34748 34562 34377 34194 34012 33832 33653 33476 33300 33125 32953 32782 32612 32444 32278 32113 31951 31790 31630 31473 31317 31164 31012 30862 30714 30568 30424 30282 30142 30004 29868 29734 29603 29474 29347 29222
42926 42699 42472 42247 42022 41797 41574 41351 41129 40908 40687 40468 40249 40031 39814 39598 39383 39169 38955 38743 38531 38321 38112 37903 37696 37489 37284 37080 36876 36674 36473 36274 36075 35878 35681 35486 35293 35100 34909 34719 34531 34344 34158 33973 33790 33609 33429 33250 33073 32898 32724 32552 32381 32212 32044 31879 31715 31552 31392 31233 31077 30922 30769 30617 30468 30321 30176 30033 29891 29752 29615 29481 29348 29218 29090 28964
42753 42525 42297 42070 41844 41619 41395 41171 40948 40726 40504 40284 40064 39845 39627 39410 39194 38979 38764 38551 38338 38127 37916 37707 37498 37290 37084 36879 36674 36471 36269 36068 35869 35670 35473 35276 35082 34888 34696 34505 34315 34127 33940 33754 33570 33387 33206 33026 32848 32671 32496 32322 32151 31980 31812 31645 31480 31316 31154 30995 30837 30680 30526 30374 30223 30075 29929 29784 29642 29502 29364 29228 29094 28962 28833 28706
42581 42351 42123 41895 41668 41442 41217 40992 40768 40545 40322 40101 39880 39660 39441 39223 39006 38790 38574 38360 38146 37933 37722 37511 37301 37093 36885 36679 36473 36269 36066 35864 35663 35463 35265 35068 34871 34677 34483 34291 34100 33910 33722 33536 33350 33166 32984 32803 32623 32445 32269 32094 31921 31750 31580 31412 31245 31081 30918 30757 30597 30440 30284 30131 29979 29830 29682 29536 29393 29251 29112 28975 28840 28707 28577 28449
42410 42180 41950 41722 41494 41266 41040 40814 40589 40365 40142 39919 39698 39477 39257 39037 38819 38602 38385 38170 37955 37741 37529 37317 37106 36896 36688 36480 36274 36068 35864 35661 35459 35258 35058 34860 34662 34466 34272 34078 33886 33696 33506 33318 33132 32946 32763 32581 32400 32221 32043 31867 31693 31520 31349 31179 31012 30846 30682 30519 30359 30200 30044 29889 29736 29585 29436 29289 29145 29002 28861 28723 28587 28453 28322 28192
42240 42009 41779 41549 41320 41092 40865 40638 40412 40187 39962 39739 39516 39294 39073 38853 38634 38415 38198 37981 37765 37550 37337 37124 36912 36701 36491 36283 36075 35869 35663 35459 35256 35053 34853 34653 34455 34257 34061 33867 33674 33482 33291 33102 32914 32728 32543 32359 32177 31997 31818 31641 31465 31291 31119 30948 30779 30612 30447 30283 30121 29961 29803 29647 29493 29341 29191 29043 28897 28753 28611 28472 28335 28200 28067 27936
42071 41839 41608 41378 41148 40919 40690 40463 40236 40010 39784 39560 39336 39113 38891 38670 38449 38230 38011 37794 37577 37361 37146 36932 36719 36507 36296 36086 35878 35670 35463 35258 35053 34850 34648 34447 34248 34049 33852 33657 33462 33269 33077 32887 32698 32510 32324 32139 31956 31774 31594 31416 31239 31063 30890 30718 30548 30379 30212 30048 29885 29723 29564 29407 29251 29098 28947 28797 28650 28505 28362 28221 28083 27947 27813 27681
41904 41671 41439 41208 40977 40747 40517 40289 40061 39834 39608 39382 39157 38933 38710 38488 38266 38046 37826 37607 37389 37172 36957 36741 36527 36314 36102 35891 35681 35473 35265 35058 34853 34648 34445 34243 34042 33843 33644 33447 33252 33057 32864 32672 32482 32293 32106 31920 31735 31552 31371 31191 31013 30837 30662 30488 30317 30147 29979 29813 29649 29486 29326 29167 29010 28856 28703 28553 28404 28258 28114 27972 27832 27694 27559 27426
41738 41505 41271 41039 40807 40576 40346 40116 39887 39659 39432 39205 38980 38755 38530 38307 38085 37863 37642 37422 37203 36985 36768 36552 36337 36123 35910 35698 35486 35276 35068 34860 34653 34447 34243 34040 33838 33637 33437 33239 33042 32847 32652 32459 32268 32078 31889 31702 31516 31332 31149 30968 30789 30611 30435 30260 30087 29916 29747 29579 29414 29250 29088 28928 28770 28614 28460 28309 28159 28011 27866 27722 27581 27443 27306 27172
41574 41339 41105 40872 40639 40407 40176 39945 39715 39486 39258 39030 38803 38577 38352 38128 37904 37681 37460 37239 37019 36800 36581 36364 36148 35933 35718 35505 35293 35082 34871 34662 34455 34248 34042 33838 33635 33433 33232 33032 32834 32637 32442 32247 32055 31863 31673 31485 31298 31112 30928 30746 30565 30386 30208 30033 29858 29686 29516 29347 29180 29015 28852 28690 28531 28374 28218 28065 27914 27765 27619 27474 27332 27192 27054 26918
